5887.011902 0.953397 0.003372
5887.030061 0.954934 0.003364
5887.048220 0.974982 0.003554
5887.066380 0.985091 0.003594
5887.084539 0.990944 0.003605
5887.102699 0.995327 0.003610
5887.120858 0.996475 0.003455
5887.139018 0.995297 0.003456
5887.157178 0.997105 0.003458
5887.175338 1.000081 0.003468
5887.193497 0.999658 0.003493
5887.211657 0.998049 0.003507
5887.229817 0.995502 0.003459
5887.247977 1.000213 0.003493
5887.266137 0.998129 0.003630
5887.284297 0.998901 0.003763
5887.302457 0.994383 0.003472
5887.320618 0.994902 0.003465
5887.338778 0.995921 0.003486
5887.356938 0.987478 0.003440
5887.375099 0.988091 0.003609
5887.393259 0.983717 0.003434
5887.411420 0.983632 0.003441
5887.429580 0.987938 0.003457
5887.447741 0.990148 0.003622
5887.465901 0.995763 0.003630
5887.484062 0.998234 0.003637
5887.502223 0.999153 0.003658
5887.520384 0.997876 0.003508
5887.538545 0.994418 0.003460
5887.556706 1.004769 0.003659
5887.574867 1.004182 0.003655
5887.593028 0.997715 0.003463
5887.611189 0.995059 0.003464
5887.629350 0.996536 0.003471
5887.647511 0.994347 0.003475
5887.665672 0.991137 0.003458
5887.683834 0.986985 0.003452
5887.701995 0.982577 0.003445
5887.720157 0.986994 0.003629
5887.738318 0.981785 0.003444
5887.756480 0.982449 0.003466
5887.774641 0.987059 0.003462
5887.792803 0.989579 0.003451
5887.810965 0.990355 0.003452
5887.829126 0.989817 0.003460
5887.847288 0.990659 0.003471
5887.865450 0.993194 0.003477
5887.883612 0.991953 0.003466
5887.901774 0.990495 0.003451
5887.919936 0.992606 0.003447
5887.938098 0.991465 0.003460
5887.956260 0.991924 0.003451
5887.974423 0.991156 0.003477
5887.992585 0.992551 0.003483
5888.010747 0.998022 0.003459
5888.028910 0.991848 0.003476
5888.047072 0.993565 0.003450
5888.065235 0.993930 0.003446
5888.083397 0.992721 0.003443
5888.101560 0.993933 0.003472
5888.119723 0.991571 0.003553
5888.137885 0.994323 0.003480
5888.156048 0.994939 0.003456
5888.174211 0.991362 0.003447
5888.192374 0.982774 0.003437
5888.210537 0.976756 0.003432
5888.228700 0.970786 0.003396
5888.246863 0.958627 0.003511
5888.265026 0.955943 0.003495
5888.283189 0.956824 0.003434
5888.301352 0.962480 0.003427
5888.319516 0.967057 0.003557
5888.337679 0.975073 0.003417
5888.355843 0.975066 0.003416
5888.374006 0.974386 0.003413
5888.392170 0.980296 0.003456
5888.410333 0.987297 0.003514
5888.428497 0.992603 0.003455
5888.446660 0.992354 0.003452
5888.464824 0.992187 0.003455
5888.482988 0.988999 0.003452
5888.501152 0.988618 0.003463
5888.519316 0.994660 0.003495
5888.537480 0.988564 0.003449
5888.555644 0.982844 0.003442
5888.573808 0.985756 0.003443
5888.591972 0.984501 0.003439
5888.610136 0.980071 0.003432
5888.628300 0.979361 0.003423
5888.646465 0.977212 0.003446
5888.664629 0.975043 0.003442
5888.682793 0.970603 0.003426
5888.700958 0.966030 0.003410
5888.719122 0.965952 0.003412
5888.737287 0.974559 0.003422
5888.755452 0.981051 0.003441
5888.773616 0.985980 0.003459
5888.791781 0.987690 0.003471
5888.809946 0.986436 0.003480
5888.828111 0.986988 0.003493
5888.846276 0.987456 0.003484
5888.864441 0.983150 0.003479
5888.882606 0.978528 0.003469
5888.900771 0.972242 0.003452
5888.918936 0.969765 0.003445
5888.937101 0.966983 0.003440
5888.955266 0.963425 0.003432
5888.973432 0.961422 0.003421
5888.991597 0.961471 0.003414
5889.009763 0.962693 0.003414
5889.027928 0.966233 0.003428
5889.046094 0.975949 0.003445
5889.064259 0.973881 0.003447
5889.082425 0.980975 0.003457
5889.100590 0.986202 0.003467
5889.118756 0.985831 0.003469
5889.136922 0.983815 0.003450
5889.155088 0.982132 0.003448
5889.173254 0.982128 0.003447
5889.191420 0.982753 0.003449
5889.209586 0.982169 0.003448
5889.227752 0.982928 0.003452
5889.245918 0.977833 0.003436
5889.264084 0.979775 0.003435
5889.282251 0.984479 0.003447
5889.300417 0.985562 0.003449
5889.318583 0.984842 0.003446
5889.336750 0.979295 0.003434
5889.354916 0.977813 0.003436
5889.373083 0.977123 0.003421
5889.391249 0.978034 0.003420
5889.409416 0.977171 0.003415
5889.427583 0.975917 0.003408
5889.445750 0.978807 0.003409
5889.463916 0.972094 0.003394
5889.482083 0.974964 0.003406
5889.500250 0.970871 0.003395
5889.518417 0.968054 0.003384
5889.536584 0.968772 0.003384
5889.554751 0.971007 0.003386
5889.572918 0.966095 0.003386
5889.591086 0.969656 0.003389
5889.609253 0.969776 0.003399
5889.627420 0.969394 0.003404
5889.645588 0.968728 0.003387
5889.663755 0.964181 0.003378
5889.681923 0.956862 0.003364
5889.700090 0.959202 0.003365
5889.718258 0.958589 0.003360
5889.736425 0.954224 0.003352
5889.754593 0.950055 0.003350
5889.772761 0.944723 0.003333
5889.790929 0.955035 0.003358
5889.809097 0.957716 0.003364
5889.827265 0.959782 0.003366
5889.845433 0.961863 0.003367
5889.863601 0.963231 0.003377
5889.881769 0.961975 0.003369
5889.899937 0.958550 0.003358
5889.918105 0.956900 0.003357
5889.936273 0.957720 0.003361
5889.954442 0.961284 0.003369
5889.972610 0.953702 0.003345
5889.990779 0.957405 0.003366
5890.008947 0.954155 0.003348
5890.027116 0.951144 0.003343
5890.045284 0.949037 0.003341
5890.063453 0.945967 0.003331
5890.081622 0.942030 0.003323
5890.099791 0.939173 0.003315
5890.117959 0.942764 0.003318
5890.136128 0.942890 0.003320
5890.154297 0.941974 0.003324
5890.172466 0.943600 0.003329
5890.190635 0.954907 0.003355
5890.208804 0.950155 0.003345
5890.226974 0.944325 0.003340
5890.245143 0.942787 0.003341
5890.263312 0.943257 0.003342
5890.281482 0.941279 0.003333
5890.299651 0.927651 0.003297
5890.317820 0.926992 0.003312
5890.335990 0.926284 0.003298
5890.354159 0.924327 0.003289
5890.372329 0.919775 0.003285
5890.390499 0.913541 0.003263
5890.408669 0.914708 0.003268
5890.426838 0.913220 0.003269
5890.445008 0.913327 0.003270
5890.463178 0.914146 0.003273
5890.481348 0.915651 0.003278
5890.499518 0.912181 0.003278
5890.517688 0.911386 0.003265
5890.535858 0.911466 0.003268
5890.554028 0.907330 0.003260
5890.572199 0.902974 0.003253
5890.590369 0.895611 0.003235
5890.608539 0.886288 0.003209
5890.626710 0.885673 0.003244
5890.644880 0.869909 0.003206
5890.663051 0.860074 0.003168
5890.681221 0.854200 0.003143
5890.699392 0.854262 0.003140
5890.717563 0.855531 0.003138
5890.735733 0.853903 0.003147
5890.753904 0.854648 0.003132
5890.772075 0.850485 0.003129
5890.790246 0.842909 0.003115
5890.808417 0.835223 0.003087
5890.826588 0.826131 0.003060
5890.844759 0.812364 0.003040
5890.862930 0.807851 0.003127
5890.881101 0.798618 0.003202
5890.899273 0.787408 0.003144
5890.917444 0.775937 0.002931
5890.935615 0.768710 0.002916
5890.953787 0.754807 0.002890
5890.971958 0.742110 0.002862
5890.990130 0.729076 0.002842
5891.008301 0.716260 0.002812
5891.026473 0.705761 0.002768
5891.044645 0.694828 0.002731
5891.062816 0.675758 0.002677
5891.080988 0.655154 0.002623
5891.099160 0.634023 0.002567
5891.117332 0.617732 0.002525
5891.135504 0.599873 0.002479
5891.153676 0.580950 0.002429
5891.171848 0.565996 0.002389
5891.190020 0.550404 0.002347
5891.208193 0.531203 0.002294
5891.226365 0.512214 0.002243
5891.244537 0.489475 0.002181
5891.262710 0.465121 0.002110
5891.280882 0.440959 0.002046
5891.299054 0.416261 0.001979
5891.317227 0.381600 0.001877
5891.335400 0.343062 0.001759
5891.353572 0.296125 0.001611
5891.371745 0.240046 0.001431
5891.389918 0.178941 0.001367
5891.408091 0.137223 0.001053
5891.426263 0.102925 0.001019
5891.444436 0.078576 0.000887
5891.462609 0.065151 0.000721
5891.480782 0.059283 0.000766
5891.498955 0.063921 0.000713
5891.517129 0.074226 0.000861
5891.535302 0.096139 0.000876
5891.553475 0.127247 0.001014
5891.571648 0.169453 0.001330
5891.589822 0.223388 0.001374
5891.607995 0.286778 0.001587
5891.626169 0.336354 0.001741
5891.644342 0.377164 0.001864
5891.662516 0.417566 0.001981
5891.680690 0.448960 0.002071
5891.698863 0.474149 0.002142
5891.717037 0.500293 0.002216
5891.735211 0.522222 0.002275
5891.753385 0.540026 0.002325
5891.771559 0.562942 0.002391
5891.789733 0.585915 0.002453
5891.807907 0.599267 0.002478
5891.826081 0.623476 0.002550
5891.844255 0.642537 0.002605
5891.862429 0.657479 0.002650
5891.880604 0.672173 0.002681
5891.898778 0.683416 0.002722
5891.916952 0.694264 0.002799
5891.935127 0.706502 0.002766
5891.953301 0.715912 0.002785
5891.971476 0.724273 0.002806
5891.989650 0.732334 0.002824
5892.007825 0.741453 0.002845
5892.026000 0.754906 0.002883
5892.044175 0.762536 0.002905
5892.062349 0.775216 0.002933
5892.080524 0.791728 0.002974
5892.098699 0.805989 0.003012
5892.116874 0.816397 0.003035
5892.135049 0.825510 0.003053
5892.153225 0.834175 0.003088
5892.171400 0.838770 0.003092
5892.189575 0.847577 0.003113
5892.207750 0.853424 0.003132
5892.225926 0.858091 0.003146
5892.244101 0.868045 0.003162
5892.262276 0.879781 0.003193
5892.280452 0.875047 0.003184
5892.298628 0.881847 0.003193
5892.316803 0.887778 0.003209
5892.334979 0.891650 0.003221
5892.353155 0.894744 0.003229
5892.371330 0.901555 0.003247
5892.389506 0.901313 0.003242
5892.407682 0.908773 0.003260
5892.425858 0.912125 0.003270
5892.444034 0.911964 0.003267
5892.462210 0.914930 0.003269
5892.480386 0.920966 0.003291
5892.498563 0.918555 0.003277
5892.516739 0.916948 0.003274
5892.534915 0.916190 0.003272
5892.553091 0.911072 0.003268
5892.571268 0.912994 0.003277
5892.589444 0.912289 0.003267
5892.607621 0.900043 0.003229
5892.625797 0.887527 0.003201
5892.643974 0.862487 0.003138
5892.662151 0.831503 0.003059
5892.680327 0.809507 0.003009
5892.698504 0.794792 0.002984
5892.716681 0.796262 0.003423
5892.734858 0.832673 0.003068
5892.753035 0.862419 0.003134
5892.771212 0.891338 0.003220
5892.789389 0.911880 0.003277
5892.807566 0.927432 0.003290
5892.825743 0.934731 0.003298
5892.843921 0.942844 0.003328
5892.862098 0.943905 0.003338
5892.880275 0.946090 0.003335
5892.898453 0.951258 0.003337
5892.916630 0.957371 0.003349
5892.934808 0.954328 0.003341
5892.952985 0.962865 0.003366
5892.971163 0.961271 0.003357
5892.989341 0.962770 0.003362
5893.007518 0.964769 0.003366
5893.025696 0.964375 0.003363
5893.043874 0.965939 0.003373
5893.062052 0.966430 0.003384
5893.080230 0.965670 0.003400
5893.098408 0.966985 0.003397
5893.116586 0.971764 0.003408
5893.134764 0.972308 0.003415
5893.152943 0.971470 0.003424
5893.171121 0.974179 0.003437
5893.189299 0.976971 0.003451
5893.207478 0.973700 0.003450
5893.225656 0.968864 0.003446
5893.243834 0.970424 0.003458
5893.262013 0.973356 0.003471
5893.280192 0.965205 0.003458
5893.298370 0.962502 0.003462
5893.316549 0.960600 0.003465
5893.334728 0.955884 0.003478
5893.352907 0.949726 0.003469
5893.371085 0.945223 0.003455
5893.389264 0.935527 0.003442
5893.407443 0.926257 0.003420
5893.425622 0.921302 0.003409
5893.443801 0.928600 0.003426
5893.461981 0.940173 0.003460
5893.480160 0.952171 0.003498
5893.498339 0.961502 0.003529
5893.516518 0.968515 0.003541
5893.534698 0.974576 0.003557
5893.552877 0.978421 0.003566
5893.571057 0.975649 0.003566
5893.589236 0.974792 0.003558
5893.607416 0.976272 0.003550
5893.625596 0.974874 0.003542
5893.643775 0.975941 0.003537
5893.661955 0.974268 0.003522
5893.680135 0.981356 0.003541
5893.698315 0.979471 0.003534
5893.716495 0.976439 0.003519
5893.734675 0.980496 0.003522
5893.752855 0.978833 0.003512
5893.771035 0.979162 0.003517
5893.789215 0.980683 0.003511
5893.807395 0.976651 0.003496
5893.825576 0.970640 0.003473
5893.843756 0.965861 0.003450
5893.861936 0.965857 0.003444
5893.880117 0.965689 0.003436
5893.898297 0.962313 0.003434
5893.916478 0.957078 0.003405
5893.934658 0.955229 0.003394
5893.952839 0.952826 0.003384
5893.971020 0.946482 0.003366
5893.989201 0.946798 0.003378
5894.007381 0.952876 0.003394
5894.025562 0.952313 0.003399
5894.043743 0.953100 0.003408
5894.061924 0.954246 0.003415
5894.080105 0.954672 0.003417
5894.098287 0.953499 0.003417
5894.116468 0.952317 0.003406
5894.134649 0.935329 0.003364
5894.152830 0.917411 0.003316
5894.171012 0.892723 0.003247
5894.189193 0.866816 0.003180
5894.207374 0.843914 0.003119
5894.225556 0.828331 0.003077
5894.243737 0.817727 0.003056
5894.261919 0.812222 0.003034
5894.280101 0.800922 0.003010
5894.298283 0.776557 0.002947
5894.316464 0.739903 0.002850
5894.334646 0.678073 0.002689
5894.352828 0.615377 0.002522
5894.371010 0.547768 0.002795
5894.389192 0.523210 0.002273
5894.407374 0.527153 0.002718
5894.425556 0.573889 0.002411
5894.443738 0.643604 0.003089
5894.461921 0.725776 0.002799
5894.480103 0.815067 0.003025
5894.498285 0.881693 0.003188
5894.516468 0.914802 0.003268
5894.534650 0.938257 0.003321
5894.552833 0.953203 0.003355
5894.571015 0.963068 0.003377
5894.589198 0.973457 0.003408
5894.607381 0.977354 0.003404
5894.625563 0.980256 0.003411
5894.643746 0.981798 0.003414
5894.661929 0.982085 0.003457
5894.680112 0.981064 0.003487
5894.698295 0.978171 0.003434
5894.716478 0.975573 0.003397
5894.734661 0.966642 0.003372
5894.752844 0.967549 0.003370
5894.771027 0.974640 0.003388
5894.789211 0.976401 0.003391
5894.807394 0.972679 0.003391
5894.825577 0.977173 0.003397
5894.843761 0.983460 0.003400
5894.861944 0.985602 0.003418
5894.880128 0.985427 0.003415
5894.898311 0.987364 0.003418
5894.916495 0.990937 0.003425
5894.934679 0.991906 0.003427
5894.952862 0.994507 0.003435
5894.971046 0.991669 0.003424
5894.989230 0.989334 0.003420
5895.007414 0.989165 0.003423
5895.025598 0.990111 0.003422
5895.043782 0.988746 0.003417
5895.061966 0.988801 0.003415
5895.080150 0.992170 0.003424
5895.098335 0.990552 0.003420
5895.116519 0.986721 0.003411
5895.134703 0.984905 0.003409
5895.152887 0.983771 0.003407
5895.171072 0.986020 0.003412
5895.189256 0.989083 0.003421
5895.207441 0.980871 0.003399
5895.225626 0.985678 0.003413
5895.243810 0.986492 0.003416
5895.261995 0.990509 0.003426
5895.280180 0.987324 0.003415
5895.298365 0.983005 0.003405
5895.316549 0.986013 0.003412
5895.334734 0.984699 0.003406
5895.352919 0.984932 0.003409
5895.371104 0.982123 0.003408
5895.389289 0.981336 0.003406
5895.407475 0.978815 0.003396
5895.425660 0.978550 0.003392
5895.443845 0.978994 0.003392
5895.462030 0.981644 0.003401
5895.480216 0.986600 0.003410
5895.498401 0.986441 0.003413
5895.516587 0.987469 0.003414
5895.534772 0.986836 0.003414
5895.552958 0.983854 0.003408
5895.571144 0.985033 0.003412
5895.589329 0.985679 0.003411
5895.607515 0.983615 0.003408
5895.625701 0.983805 0.003409
5895.643887 0.982704 0.003410
5895.662073 0.979277 0.003405
5895.680259 0.981979 0.003408
5895.698445 0.988185 0.003417
5895.716631 0.984178 0.003412
5895.734817 0.983348 0.003412
5895.753003 0.983115 0.003416
5895.771190 0.981809 0.003413
5895.789376 0.981197 0.003413
5895.807562 0.980593 0.003416
5895.825749 0.985122 0.003426
5895.843935 0.987625 0.003431
5895.862122 0.982954 0.003424
5895.880308 0.982137 0.003427
5895.898495 0.980898 0.003429
5895.916682 0.979493 0.003431
5895.934869 0.978692 0.003434
5895.953055 0.975621 0.003425
5895.971242 0.972740 0.003423
5895.989429 0.968770 0.003422
5896.007616 0.969065 0.003432
5896.025803 0.974047 0.003445
5896.043991 0.973882 0.003457
5896.062178 0.970883 0.003462
5896.080365 0.969223 0.003452
5896.098552 0.970079 0.003455
5896.116740 0.972229 0.003460
5896.134927 0.970946 0.003460
5896.153114 0.967479 0.003447
5896.171302 0.965134 0.003439
5896.189490 0.961296 0.003427
5896.207677 0.962356 0.003422
5896.225865 0.971777 0.003443
5896.244053 0.962568 0.003424
5896.262240 0.967686 0.003433
5896.280428 0.970958 0.003441
5896.298616 0.966979 0.003431
5896.316804 0.965229 0.003425
5896.334992 0.963538 0.003417
5896.353180 0.959773 0.003402
5896.371368 0.957154 0.003393
5896.389557 0.954654 0.003389
5896.407745 0.947442 0.003373
5896.425933 0.944701 0.003364
5896.444121 0.942840 0.003359
5896.462310 0.939346 0.003355
5896.480498 0.939725 0.003358
5896.498687 0.942750 0.003357
5896.516875 0.944364 0.003349
5896.535064 0.941280 0.003342
5896.553253 0.939079 0.003338
5896.571442 0.938336 0.003339
5896.589630 0.938614 0.003339
5896.607819 0.931870 0.003327
5896.626008 0.929431 0.003317
5896.644197 0.928486 0.003320
5896.662386 0.924644 0.003316
5896.680575 0.918931 0.003302
5896.698764 0.915534 0.003291
5896.716954 0.914758 0.003287
5896.735143 0.915907 0.003297
5896.753332 0.910872 0.003280
5896.771521 0.902478 0.003257
5896.789711 0.904163 0.003262
5896.807900 0.899423 0.003252
5896.826090 0.891065 0.003236
5896.844279 0.883894 0.003226
5896.862469 0.883301 0.003222
5896.880659 0.877293 0.003199
5896.898849 0.868685 0.003186
5896.917038 0.863766 0.003176
5896.935228 0.852537 0.003153
5896.953418 0.837419 0.003122
5896.971608 0.828002 0.003102
5896.989798 0.820993 0.003075
5897.007988 0.809801 0.003042
5897.026178 0.801966 0.003012
5897.044369 0.786401 0.002964
5897.062559 0.770769 0.002917
5897.080749 0.757753 0.002879
5897.098940 0.740889 0.002830
5897.117130 0.720980 0.002777
5897.135321 0.701963 0.002738
5897.153511 0.677152 0.002684
5897.171702 0.657543 0.002647
5897.189892 0.633712 0.002573
5897.208083 0.604242 0.002476
5897.226274 0.578652 0.002396
5897.244465 0.551831 0.002324
5897.262656 0.513529 0.002218
5897.280847 0.476894 0.002121
5897.299038 0.438483 0.002011
5897.317229 0.377723 0.001837
5897.335420 0.319278 0.001663
5897.353611 0.257042 0.001844
5897.371802 0.194697 0.001256
5897.389993 0.149361 0.001086
5897.408185 0.103857 0.001129
5897.426376 0.080991 0.000789
5897.444567 0.073010 0.000752
5897.462759 0.070522 0.000740
5897.480951 0.078592 0.000780
5897.499142 0.097221 0.000870
5897.517334 0.124251 0.000985
5897.535526 0.172710 0.001481
5897.553717 0.236761 0.001401
5897.571909 0.309249 0.002061
5897.590101 0.374683 0.001827
5897.608293 0.422560 0.001965
5897.626485 0.467355 0.002091
5897.644677 0.515270 0.002224
5897.662869 0.549843 0.002316
5897.681061 0.581389 0.002404
5897.699254 0.615351 0.002495
5897.717446 0.637913 0.002553
5897.735638 0.660515 0.002616
5897.753831 0.682498 0.002674
5897.772023 0.699272 0.002715
5897.790216 0.716434 0.002759
5897.808408 0.736806 0.002813
5897.826601 0.745753 0.002839
5897.844793 0.758027 0.002866
5897.862986 0.764638 0.002885
5897.881179 0.773438 0.002905
5897.899372 0.782664 0.002929
5897.917565 0.793003 0.002961
5897.935758 0.806713 0.002997
5897.953951 0.824448 0.003034
5897.972144 0.835396 0.003066
5897.990337 0.842071 0.003082
5898.008530 0.849562 0.003104
5898.026723 0.859972 0.003127
5898.044917 0.866741 0.003143
5898.063110 0.874478 0.003164
5898.081303 0.879581 0.003174
5898.099497 0.889302 0.003199
5898.117690 0.897237 0.003218
5898.135884 0.902381 0.003230
5898.154078 0.906077 0.003241
5898.172271 0.911668 0.003254
5898.190465 0.916517 0.003265
5898.208659 0.918398 0.003272
5898.226853 0.922885 0.003286
5898.245047 0.921105 0.003282
5898.263241 0.929195 0.003302
5898.281435 0.935335 0.003321
5898.299629 0.937648 0.003327
5898.317823 0.937718 0.003327
5898.336017 0.939326 0.003333
5898.354211 0.943997 0.003350
5898.372406 0.943929 0.003355
5898.390600 0.946558 0.003354
5898.408794 0.949450 0.003376
5898.426989 0.949650 0.003377
5898.445183 0.951624 0.003375
5898.463378 0.951128 0.003375
5898.481573 0.949587 0.003373
5898.499767 0.946066 0.003364
5898.517962 0.951686 0.003379
5898.536157 0.952380 0.003389
5898.554352 0.951698 0.003409
5898.572547 0.951936 0.003398
5898.590742 0.952695 0.003381
5898.608937 0.952962 0.003374
5898.627132 0.950433 0.003368
5898.645327 0.949480 0.003365
5898.663522 0.944307 0.003360
5898.681717 0.939259 0.003346
5898.699913 0.933864 0.003327
5898.718108 0.927673 0.003309
5898.736303 0.921284 0.003296
5898.754499 0.917977 0.003291
5898.772694 0.916759 0.003284
5898.790890 0.917750 0.003288
5898.809086 0.928993 0.003316
5898.827281 0.939130 0.003336
5898.845477 0.948482 0.003358
5898.863673 0.954024 0.003373
5898.881869 0.953595 0.003379
5898.900065 0.958556 0.003390
5898.918261 0.963714 0.003405
5898.936457 0.958723 0.003389
5898.954653 0.962379 0.003397
5898.972849 0.961756 0.003400
5898.991045 0.962212 0.003408
5899.009242 0.961348 0.003409
5899.027438 0.960556 0.003410
5899.045634 0.961308 0.003410
5899.063831 0.961887 0.003416
5899.082027 0.959016 0.003413
5899.100224 0.959057 0.003407
5899.118420 0.959567 0.003410
5899.136617 0.961280 0.003415
5899.154814 0.954034 0.003397
5899.173011 0.946798 0.003380
5899.191207 0.941985 0.003369
5899.209404 0.942645 0.003372
5899.227601 0.952212 0.003393
5899.245798 0.960297 0.003415
5899.263995 0.975070 0.003453
5899.282192 0.975419 0.003459
5899.300390 0.980095 0.003469
5899.318587 0.984112 0.003479
5899.336784 0.982858 0.003474
5899.354981 0.983387 0.003473
5899.373179 0.985935 0.003480
5899.391376 0.984990 0.003485
5899.409574 0.989868 0.003491
5899.427771 0.986263 0.003479
5899.445969 0.987723 0.003486
5899.464167 0.988945 0.003490
5899.482364 0.987891 0.003488
5899.500562 0.985774 0.003484
5899.518760 0.989348 0.003496
5899.536958 0.989474 0.003493
5899.555156 0.992322 0.003508
5899.573354 0.992390 0.003508
5899.591552 0.990002 0.003505
5899.609750 0.985285 0.003501
5899.627948 0.980349 0.003491
5899.646146 0.970601 0.003468
5899.664345 0.958989 0.003438
5899.682543 0.940055 0.003391
5899.700741 0.918655 0.003338
5899.718940 0.908623 0.003308
5899.737138 0.905632 0.003296
5899.755337 0.906631 0.003299
5899.773536 0.919385 0.003328
5899.791734 0.933039 0.003358
5899.809933 0.952872 0.003404
5899.828132 0.968333 0.003446
5899.846331 0.971802 0.003454
5899.864530 0.984656 0.003482
5899.882729 0.990485 0.003496
5899.900928 0.991421 0.003498
5899.919127 0.991609 0.003496
5899.937326 0.995392 0.003495
5899.955525 0.995514 0.003495
5899.973724 0.981851 0.003476
5899.991923 0.984101 0.003479
5900.010123 0.983685 0.003473
5900.028322 0.979650 0.003463
5900.046522 0.974516 0.003446
5900.064721 0.975977 0.003446
5900.082921 0.982037 0.003459
5900.101120 0.985490 0.003467
5900.119320 0.990521 0.003483
5900.137520 0.993203 0.003485
5900.155720 0.996234 0.003495
5900.173920 0.997367 0.003503
5900.192119 0.999884 0.003503
5900.210319 0.996367 0.003494
5900.228519 0.993029 0.003488
5900.246720 0.991571 0.003481
5900.264920 0.995954 0.003488
5900.283120 0.994611 0.003485
5900.301320 0.992565 0.003488
5900.319520 0.992512 0.003490
5900.337721 0.994714 0.003496
5900.355921 0.997142 0.003499
5900.374122 0.992877 0.003490
5900.392322 0.992969 0.003496
5900.410523 0.997145 0.003506
5900.428724 0.997567 0.003506
5900.446924 0.992487 0.003495
5900.465125 0.992970 0.003500
5900.483326 0.989949 0.003489
5900.501527 0.991772 0.003490
5900.519728 0.993680 0.003496
5900.537929 0.987143 0.003482
5900.556130 0.986523 0.003482
5900.574331 0.985642 0.003474
5900.592532 0.986619 0.003472
5900.610733 0.987774 0.003475
5900.628934 0.990135 0.003482
5900.647136 0.986714 0.003474
5900.665337 0.985480 0.003469
5900.683539 0.982678 0.003460
5900.701740 0.970405 0.003431
5900.719942 0.953120 0.003393
5900.738143 0.929574 0.003337
5900.756345 0.872988 0.003192
5900.774547 0.839547 0.003109
5900.792748 0.795491 0.002997
5900.810950 0.760201 0.002913
5900.829152 0.761749 0.002918
5900.847354 0.776863 0.002954
5900.865556 0.825822 0.003080
5900.883758 0.864042 0.003174
5900.901960 0.893253 0.003250
5900.920162 0.916694 0.003308
5900.938364 0.917371 0.003314
5900.956567 0.915557 0.003315
5900.974769 0.910464 0.003302
5900.992971 0.900117 0.003276
