4799.011256 0.984717 0.005353
4799.026059 0.989632 0.005367
4799.040863 0.994093 0.005378
4799.055666 0.995023 0.005378
4799.070469 0.995255 0.005382
4799.085273 0.993022 0.005376
4799.100076 0.993151 0.005378
4799.114880 0.997627 0.005392
4799.129683 0.995934 0.005388
4799.144487 0.994423 0.005382
4799.159290 0.989945 0.005364
4799.174094 0.980087 0.005331
4799.188898 0.969991 0.005294
4799.203702 0.955723 0.005241
4799.218505 0.936418 0.005173
4799.233309 0.936523 0.005169
4799.248113 0.936976 0.005172
4799.262917 0.939547 0.005190
4799.277721 0.951951 0.005225
4799.292525 0.960489 0.005254
4799.307329 0.967214 0.005278
4799.322133 0.973239 0.005293
4799.336938 0.976860 0.005322
4799.351742 0.978089 0.005339
4799.366546 0.982279 0.005346
4799.381350 0.979557 0.005317
4799.396155 0.978810 0.005301
4799.410959 0.970179 0.005253
4799.425764 0.944146 0.005152
4799.440568 0.907305 0.005042
4799.455373 0.865532 0.004910
4799.470177 0.778739 0.004595
4799.484982 0.704335 0.004325
4799.499787 0.652304 0.004132
4799.514591 0.617068 0.004000
4799.529396 0.632242 0.004056
4799.544201 0.681354 0.004241
4799.559006 0.745413 0.004471
4799.573811 0.836938 0.004797
4799.588616 0.886303 0.004972
4799.603421 0.921055 0.005098
4799.618226 0.959227 0.005241
4799.633031 0.977489 0.005300
4799.647836 0.981645 0.005311
4799.662641 0.981177 0.005307
4799.677446 0.967506 0.005268
4799.692252 0.946922 0.005244
4799.707057 0.918566 0.005165
4799.721862 0.855782 0.004857
4799.736668 0.775362 0.004575
4799.751473 0.709293 0.004347
4799.766279 0.641208 0.004087
4799.781084 0.603224 0.003946
4799.795890 0.620241 0.004080
4799.810696 0.655121 0.004274
4799.825501 0.747087 0.004649
4799.840307 0.819377 0.004775
4799.855113 0.871929 0.004911
4799.869919 0.923307 0.005095
4799.884725 0.946674 0.005171
4799.899530 0.938568 0.005394
4799.914336 0.919799 0.005541
4799.929142 0.867071 0.004876
4799.943948 0.804149 0.004664
4799.958755 0.752595 0.004483
4799.973561 0.701405 0.004289
4799.988367 0.700661 0.004287
4800.003173 0.725285 0.004378
4800.017979 0.762574 0.004509
4800.032786 0.843807 0.004801
4800.047592 0.892144 0.004975
4800.062399 0.926384 0.005096
4800.077205 0.956954 0.005209
4800.092012 0.975305 0.005267
4800.106818 0.986922 0.005307
4800.121625 0.999283 0.005352
4800.136431 1.000915 0.005361
4800.151238 1.002426 0.005363
4800.166045 1.002011 0.005357
4800.180852 0.998387 0.005334
4800.195658 1.003976 0.005377
4800.210465 1.002436 0.005362
4800.225272 0.997201 0.005326
4800.240079 1.000360 0.005350
4800.254886 0.995615 0.005322
4800.269693 0.989650 0.005298
4800.284500 0.982339 0.005279
4800.299308 0.973271 0.005242
4800.314115 0.970771 0.005233
4800.328922 0.969953 0.005227
4800.343729 0.977875 0.005247
4800.358537 0.986970 0.005286
4800.373344 0.994174 0.005316
4800.388151 0.995461 0.005314
4800.402959 0.994383 0.005316
4800.417766 0.994250 0.005318
4800.432574 0.997857 0.005333
4800.447382 1.002745 0.005342
4800.462189 1.000813 0.005330
4800.476997 0.996620 0.005315
4800.491805 0.990379 0.005296
4800.506613 0.992215 0.005303
4800.521420 0.995384 0.005317
4800.536228 0.996960 0.005324
4800.551036 0.984213 0.005303
4800.565844 0.967823 0.005260
4800.580652 0.945750 0.005187
4800.595460 0.898489 0.004978
4800.610268 0.832692 0.004800
4800.625077 0.774934 0.004662
4800.639885 0.716271 0.004550
4800.654693 0.672325 0.004246
4800.669501 0.681960 0.004224
4800.684310 0.709259 0.004286
4800.699118 0.788098 0.004593
4800.713926 0.850340 0.004803
4800.728735 0.896304 0.005047
4800.743543 0.939487 0.005368
4800.758352 0.961670 0.005204
4800.773161 0.970927 0.005216
4800.787969 0.979634 0.005272
4800.802778 0.985111 0.005469
4800.817587 0.983296 0.005392
4800.832396 0.987586 0.005345
4800.847204 0.993129 0.005292
4800.862013 0.989251 0.005277
4800.876822 0.991523 0.005281
4800.891631 0.992014 0.005280
4800.906440 0.993455 0.005282
4800.921249 0.989539 0.005267
4800.936058 0.978191 0.005229
4800.950868 0.958236 0.005163
4800.965677 0.915856 0.005009
4800.980486 0.869408 0.004846
4800.995295 0.814737 0.004654
