4854.007025 0.995063 0.005113
4854.021998 0.991940 0.005108
4854.036971 0.992983 0.005189
4854.051944 0.996942 0.005222
4854.066917 0.998100 0.005201
4854.081890 0.991049 0.005092
4854.096863 0.990984 0.005098
4854.111836 0.991655 0.005101
4854.126810 0.994742 0.005118
4854.141783 0.997937 0.005153
4854.156756 0.988898 0.005247
4854.171730 0.990825 0.005126
4854.186703 0.988369 0.005090
4854.201676 0.985114 0.005081
4854.216650 0.982701 0.005081
4854.231623 0.965229 0.005173
4854.246597 0.958947 0.005074
4854.261570 0.956013 0.005030
4854.276544 0.955690 0.005035
4854.291518 0.956960 0.005077
4854.306492 0.955912 0.005001
4854.321465 0.957404 0.005091
4854.336439 0.960032 0.005164
4854.351413 0.963489 0.005157
4854.366387 0.972642 0.005099
4854.381361 0.973907 0.005260
4854.396335 0.974634 0.005284
4854.411309 0.976910 0.005218
4854.426283 0.986489 0.005101
4854.441257 0.978272 0.005079
4854.456232 0.971951 0.005172
4854.471206 0.963030 0.005154
4854.486180 0.951189 0.004999
4854.501154 0.939697 0.005145
4854.516129 0.926912 0.004941
4854.531103 0.914781 0.004975
4854.546078 0.910293 0.005042
4854.561052 0.925737 0.004921
4854.576027 0.932777 0.004927
4854.591002 0.947484 0.004975
4854.605976 0.957237 0.005084
4854.620951 0.961939 0.005205
4854.635926 0.971290 0.005062
4854.650901 0.972601 0.005061
4854.665875 0.970121 0.005055
4854.680850 0.967521 0.005051
4854.695825 0.966874 0.005052
4854.710800 0.975018 0.005071
4854.725775 0.972956 0.005072
4854.740750 0.969743 0.005079
4854.755725 0.967611 0.005085
4854.770701 0.972933 0.005066
4854.785676 0.971641 0.005061
4854.800651 0.969611 0.005063
4854.815626 0.970398 0.005143
4854.830602 0.974588 0.005305
4854.845577 0.970227 0.005296
4854.860553 0.972206 0.005127
4854.875528 0.970413 0.005204
4854.890504 0.970322 0.005292
4854.905479 0.979417 0.005118
4854.920455 0.975317 0.005115
4854.935431 0.968550 0.005094
4854.950406 0.960178 0.005088
4854.965382 0.948786 0.005087
4854.980358 0.921142 0.004989
4854.995334 0.896120 0.004831
4855.010310 0.868906 0.004730
4855.025286 0.841509 0.004640
4855.040262 0.816606 0.004549
4855.055238 0.816664 0.004729
4855.070214 0.830024 0.004816
4855.085190 0.848474 0.004789
4855.100166 0.867773 0.004728
4855.115142 0.881952 0.004772
4855.130119 0.890263 0.005033
4855.145095 0.894882 0.005299
4855.160071 0.906194 0.005259
4855.175048 0.923270 0.004935
4855.190024 0.930315 0.005028
4855.205001 0.923482 0.005219
4855.219977 0.930491 0.005251
4855.234954 0.941193 0.005188
4855.249931 0.950246 0.005036
4855.264907 0.950588 0.005290
4855.279884 0.959560 0.005135
4855.294861 0.966151 0.005080
4855.309838 0.969898 0.005094
4855.324815 0.969599 0.005097
4855.339792 0.960686 0.005309
4855.354769 0.963282 0.005196
4855.369746 0.963028 0.005097
4855.384723 0.957774 0.005093
4855.399700 0.949718 0.005321
4855.414677 0.945969 0.005083
4855.429654 0.946959 0.005149
4855.444631 0.949345 0.005278
4855.459609 0.951392 0.005339
4855.474586 0.961212 0.005133
4855.489564 0.965952 0.005113
4855.504541 0.969351 0.005165
4855.519518 0.971517 0.005248
4855.534496 0.972501 0.005291
4855.549474 0.963473 0.005187
4855.564451 0.964782 0.005149
4855.579429 0.967483 0.005148
4855.594407 0.968755 0.005190
4855.609384 0.957065 0.005357
4855.624362 0.954210 0.005354
4855.639340 0.960770 0.005381
4855.654318 0.966922 0.005401
4855.669296 0.967666 0.005395
4855.684274 0.974601 0.005435
4855.699252 0.980258 0.005449
4855.714230 0.981752 0.005454
4855.729208 0.979135 0.005448
4855.744186 0.970919 0.005427
4855.759165 0.988540 0.005496
4855.774143 0.983188 0.005471
4855.789121 0.971873 0.005433
4855.804100 0.958505 0.005394
4855.819078 0.950510 0.005361
4855.834056 0.946442 0.005101
4855.849035 0.942216 0.005051
4855.864013 0.937485 0.005047
4855.878992 0.932728 0.005041
4855.893971 0.933762 0.005015
4855.908949 0.938163 0.005031
4855.923928 0.944310 0.005062
4855.938907 0.948563 0.005083
4855.953886 0.947251 0.005076
4855.968865 0.938208 0.005099
4855.983844 0.936137 0.005179
4855.998822 0.929784 0.005116
4856.013802 0.920617 0.004986
4856.028781 0.910711 0.004951
4856.043760 0.888864 0.004875
4856.058739 0.851190 0.004746
4856.073718 0.799625 0.004565
4856.088697 0.735480 0.004333
4856.103677 0.643083 0.003991
4856.118656 0.572959 0.003730
4856.133635 0.556047 0.003679
4856.148615 0.572387 0.003747
4856.163594 0.618943 0.003909
4856.178574 0.707163 0.004261
4856.193553 0.783363 0.004516
4856.208533 0.840302 0.004711
4856.223513 0.883867 0.004862
4856.238492 0.914968 0.004971
4856.253472 0.930389 0.005027
4856.268452 0.942666 0.005072
4856.283432 0.951310 0.005107
4856.298412 0.956004 0.005129
4856.313391 0.955819 0.005129
4856.328371 0.944306 0.005090
4856.343351 0.939907 0.005087
4856.358332 0.931871 0.005064
4856.373312 0.920697 0.005023
4856.388292 0.911201 0.004996
4856.403272 0.908910 0.004995
4856.418252 0.900880 0.004956
4856.433233 0.898553 0.004935
4856.448213 0.904374 0.004947
4856.463193 0.905148 0.004950
4856.478174 0.906061 0.004960
4856.493154 0.907960 0.004970
4856.508135 0.908854 0.004974
4856.523115 0.907480 0.004968
4856.538096 0.906921 0.004970
4856.553077 0.891188 0.004912
4856.568057 0.868824 0.004834
4856.583038 0.836686 0.004723
4856.598019 0.788176 0.004552
4856.613000 0.691527 0.004200
4856.627981 0.598285 0.003860
4856.642962 0.507964 0.003527
4856.657943 0.426537 0.003219
4856.672924 0.357756 0.002948
4856.687905 0.357698 0.002948
4856.702886 0.405050 0.003139
4856.717867 0.475677 0.003479
4856.732848 0.561373 0.003863
4856.747830 0.661799 0.004100
4856.762811 0.725664 0.004344
4856.777792 0.760269 0.004473
4856.792774 0.780910 0.004547
4856.807755 0.790662 0.004579
4856.822737 0.803637 0.004626
4856.837718 0.802410 0.004623
4856.852700 0.791910 0.004590
4856.867682 0.764072 0.004493
4856.882663 0.713841 0.004307
4856.897645 0.612676 0.003934
4856.912627 0.528583 0.003618
4856.927609 0.473813 0.003411
4856.942591 0.448964 0.003317
4856.957572 0.460104 0.003358
4856.972554 0.541942 0.003679
4856.987536 0.628273 0.004000
4857.002519 0.712712 0.004313
4857.017501 0.788500 0.004591
4857.032483 0.848653 0.004811
4857.047465 0.890208 0.004960
4857.062447 0.906979 0.005023
4857.077430 0.911077 0.005039
4857.092412 0.905541 0.005019
4857.107394 0.893575 0.004976
4857.122377 0.880243 0.004925
4857.137359 0.855300 0.004846
4857.152342 0.833070 0.004769
4857.167324 0.814992 0.004704
4857.182307 0.798616 0.004666
4857.197290 0.785494 0.004597
4857.212272 0.760134 0.004502
4857.227255 0.724826 0.004374
4857.242238 0.680771 0.004213
4857.257221 0.620169 0.003991
4857.272204 0.591634 0.003886
4857.287187 0.597897 0.003913
4857.302169 0.630369 0.004034
4857.317153 0.684440 0.004228
4857.332136 0.752338 0.004484
4857.347119 0.814755 0.004714
4857.362102 0.847063 0.004830
4857.377085 0.864786 0.004745
4857.392068 0.867885 0.004757
4857.407052 0.852474 0.004706
4857.422035 0.820501 0.004733
4857.437018 0.795957 0.004510
4857.452002 0.780874 0.004462
4857.466985 0.778848 0.004454
4857.481969 0.797663 0.004515
4857.496953 0.831519 0.004778
4857.511936 0.862933 0.004921
4857.526920 0.892708 0.005027
4857.541904 0.916146 0.005111
4857.556887 0.920214 0.004948
4857.571871 0.931369 0.004990
4857.586855 0.936927 0.005008
4857.601839 0.938411 0.005012
4857.616823 0.939405 0.005014
4857.631807 0.938276 0.005007
4857.646791 0.937567 0.005008
4857.661775 0.934284 0.005027
4857.676759 0.930866 0.005040
4857.691743 0.932440 0.005034
4857.706728 0.933179 0.005155
4857.721712 0.935278 0.005044
4857.736696 0.934442 0.005002
4857.751681 0.933386 0.005000
4857.766665 0.936183 0.005015
4857.781649 0.942523 0.005031
4857.796634 0.936793 0.005010
4857.811619 0.935145 0.005004
4857.826603 0.935771 0.005008
4857.841588 0.938500 0.005021
4857.856573 0.934140 0.005004
4857.871557 0.941415 0.005488
4857.886542 0.941745 0.005355
4857.901527 0.936962 0.005003
4857.916512 0.934300 0.005008
4857.931497 0.939121 0.005030
4857.946482 0.935875 0.005025
4857.961467 0.937678 0.005040
4857.976452 0.938740 0.005047
4857.991437 0.930422 0.005005
4858.006422 0.940156 0.005032
4858.021407 0.934124 0.005018
4858.036392 0.935695 0.005142
4858.051378 0.940369 0.005351
4858.066363 0.940371 0.005581
4858.081349 0.932834 0.005037
4858.096334 0.930539 0.005008
4858.111319 0.924947 0.004988
4858.126305 0.920748 0.005008
4858.141291 0.917502 0.005113
4858.156276 0.925037 0.005000
4858.171262 0.923404 0.004993
4858.186248 0.921876 0.004992
4858.201233 0.920347 0.004989
4858.216219 0.922179 0.004990
4858.231205 0.929483 0.005064
4858.246191 0.931654 0.005036
4858.261177 0.929561 0.005018
4858.276163 0.925661 0.005008
4858.291149 0.924603 0.004999
4858.306135 0.911884 0.004959
4858.321121 0.907379 0.004942
4858.336107 0.907439 0.004936
4858.351093 0.907309 0.004938
4858.366080 0.904859 0.004940
4858.381066 0.906838 0.004937
4858.396052 0.908760 0.004943
4858.411039 0.917200 0.004977
4858.426025 0.926530 0.005010
4858.441012 0.925753 0.005001
4858.455998 0.920130 0.004991
4858.470985 0.921710 0.004992
4858.485972 0.922315 0.004997
4858.500958 0.920455 0.004994
4858.515945 0.913084 0.004964
4858.530932 0.909135 0.004949
4858.545919 0.893596 0.004892
4858.560905 0.873890 0.004828
4858.575892 0.845431 0.004733
4858.590879 0.798269 0.004566
4858.605866 0.724757 0.004314
4858.620853 0.658680 0.004088
4858.635840 0.599045 0.003870
4858.650828 0.563200 0.003732
4858.665815 0.552201 0.003697
4858.680802 0.591042 0.003835
4858.695789 0.648960 0.004041
4858.710777 0.711594 0.004268
4858.725764 0.774569 0.004488
4858.740751 0.819443 0.004646
4858.755739 0.855587 0.004776
4858.770726 0.877478 0.004844
4858.785714 0.887558 0.004884
4858.800702 0.897566 0.004929
4858.815689 0.910957 0.004980
4858.830677 0.912831 0.004972
4858.845665 0.917957 0.004997
4858.860653 0.919939 0.005007
4858.875640 0.924081 0.005020
4858.890628 0.931285 0.005041
4858.905616 0.927465 0.005036
4858.920604 0.927656 0.005034
4858.935592 0.928054 0.005037
4858.950580 0.927016 0.005033
4858.965568 0.923968 0.005023
4858.980557 0.920283 0.005020
4858.995545 0.914667 0.004998
4859.010533 0.907940 0.004979
4859.025521 0.904620 0.004977
4859.040510 0.910390 0.005012
4859.055498 0.914244 0.005032
4859.070487 0.915543 0.005014
4859.085475 0.913922 0.004994
4859.100464 0.914558 0.004993
4859.115452 0.917608 0.005008
4859.130441 0.919131 0.005019
4859.145429 0.924373 0.005030
4859.160418 0.925771 0.005033
4859.175407 0.921134 0.005021
4859.190396 0.915497 0.005005
4859.205385 0.915155 0.004994
4859.220373 0.907270 0.004970
4859.235362 0.907376 0.004976
4859.250351 0.904718 0.004965
4859.265340 0.900240 0.004945
4859.280330 0.894864 0.004924
4859.295319 0.897241 0.004942
4859.310308 0.896190 0.004937
4859.325297 0.890900 0.004917
4859.340286 0.881328 0.004885
4859.355276 0.871776 0.004856
4859.370265 0.850270 0.004778
4859.385254 0.835316 0.004935
4859.400244 0.824271 0.004798
4859.415233 0.816883 0.004670
4859.430223 0.814766 0.004664
4859.445213 0.818556 0.004673
4859.460202 0.823595 0.004694
4859.475192 0.814147 0.004659
4859.490182 0.804511 0.004626
4859.505171 0.795951 0.004642
4859.520161 0.790205 0.004849
4859.535151 0.794222 0.004615
4859.550141 0.801653 0.004615
4859.565131 0.811096 0.004651
4859.580121 0.821658 0.004693
4859.595111 0.827845 0.004719
4859.610101 0.844556 0.004772
4859.625091 0.853255 0.004802
4859.640082 0.869143 0.004863
4859.655072 0.885224 0.004920
4859.670062 0.890848 0.004932
4859.685052 0.893096 0.004950
4859.700043 0.896285 0.004956
4859.715033 0.894541 0.004948
4859.730024 0.892036 0.004936
4859.745014 0.890876 0.004928
4859.760005 0.892986 0.004958
4859.774995 0.888080 0.004940
4859.789986 0.889147 0.004940
4859.804977 0.893060 0.004950
4859.819968 0.897442 0.004963
4859.834958 0.894687 0.004948
4859.849949 0.893465 0.004960
4859.864940 0.896535 0.004965
4859.879931 0.895982 0.004959
4859.894922 0.892906 0.004946
4859.909913 0.894750 0.004953
4859.924904 0.894844 0.004965
4859.939895 0.892431 0.004949
4859.954886 0.889601 0.004940
4859.969878 0.886845 0.004934
4859.984869 0.885174 0.004927
4859.999860 0.884420 0.004924
4860.014852 0.881422 0.004913
4860.029843 0.882320 0.004920
4860.044834 0.880577 0.004917
4860.059826 0.874721 0.004897
4860.074817 0.876828 0.004906
4860.089809 0.883154 0.004930
4860.104801 0.885108 0.004940
4860.119792 0.881511 0.004928
4860.134784 0.877802 0.004917
4860.149776 0.883270 0.004934
4860.164768 0.885014 0.004944
4860.179760 0.882381 0.004934
4860.194751 0.875571 0.004910
4860.209743 0.869501 0.004888
4860.224735 0.865495 0.004878
4860.239727 0.860167 0.004854
4860.254720 0.835453 0.004765
4860.269712 0.816995 0.004702
4860.284704 0.798536 0.004642
4860.299696 0.778136 0.004573
4860.314688 0.762949 0.004518
4860.329681 0.740515 0.004443
4860.344673 0.716082 0.004360
4860.359665 0.686375 0.004252
4860.374658 0.652817 0.004123
4860.389650 0.637960 0.004080
4860.404643 0.647919 0.004119
4860.419636 0.682204 0.004237
4860.434628 0.727158 0.004395
4860.449621 0.769174 0.004544
4860.464614 0.798870 0.004654
4860.479607 0.825375 0.004750
4860.494599 0.838136 0.004788
4860.509592 0.846987 0.004823
4860.524585 0.849629 0.004838
4860.539578 0.843469 0.004816
4860.554571 0.840978 0.004803
4860.569564 0.833190 0.004775
4860.584557 0.828555 0.004768
4860.599550 0.828708 0.004774
4860.614544 0.834485 0.004793
4860.629537 0.833898 0.004795
4860.644530 0.835000 0.004895
4860.659524 0.835352 0.004908
4860.674517 0.834416 0.004849
4860.689510 0.829572 0.004765
4860.704504 0.822971 0.004746
4860.719497 0.819921 0.004736
4860.734491 0.823838 0.004752
4860.749485 0.818905 0.004734
4860.764478 0.812261 0.004708
4860.779472 0.807980 0.004694
4860.794466 0.800071 0.004668
4860.809460 0.792349 0.004636
4860.824453 0.778498 0.004592
4860.839447 0.764846 0.004548
4860.854441 0.749964 0.004495
4860.869435 0.732709 0.004430
4860.884429 0.701321 0.004315
4860.899423 0.662133 0.004178
4860.914417 0.609485 0.003990
4860.929412 0.553163 0.003784
4860.944406 0.488760 0.003551
4860.959400 0.392454 0.003193
4860.974394 0.315879 0.002905
4860.989389 0.252983 0.002666
4861.004383 0.213929 0.002509
4861.019378 0.197456 0.002567
4861.034372 0.221259 0.002677
4861.049367 0.286129 0.002962
4861.064361 0.367328 0.003105
4861.079356 0.446519 0.003642
4861.094351 0.523794 0.003689
4861.109345 0.585473 0.003918
4861.124340 0.644930 0.004128
4861.139335 0.679500 0.004252
4861.154330 0.701840 0.004334
4861.169325 0.719944 0.004398
4861.184320 0.734378 0.004452
4861.199315 0.747444 0.004495
4861.214310 0.756678 0.004530
4861.229305 0.760434 0.004546
4861.244300 0.764234 0.004565
4861.259295 0.767241 0.004582
4861.274290 0.762059 0.004575
4861.289286 0.770094 0.005099
4861.304281 0.770395 0.004711
4861.319276 0.770651 0.004588
4861.334272 0.771359 0.004590
4861.349267 0.772452 0.004588
4861.364263 0.771014 0.004583
4861.379258 0.765435 0.004582
4861.394254 0.758388 0.004544
4861.409250 0.747603 0.004500
4861.424245 0.734973 0.004458
4861.439241 0.718892 0.004408
4861.454237 0.694961 0.004315
4861.469233 0.680191 0.004265
4861.484229 0.671293 0.004241
4861.499225 0.672383 0.004249
4861.514221 0.683819 0.004290
4861.529217 0.704164 0.004355
4861.544213 0.714405 0.004398
4861.559209 0.719352 0.004412
4861.574205 0.730068 0.004452
4861.589201 0.735470 0.004480
4861.604197 0.727457 0.004451
4861.619194 0.731151 0.004457
4861.634190 0.733406 0.004471
4861.649186 0.735449 0.004473
4861.664183 0.733361 0.004464
4861.679179 0.726698 0.004449
4861.694176 0.729105 0.004454
4861.709173 0.722801 0.004429
4861.724169 0.720379 0.004421
4861.739166 0.720229 0.004422
4861.754163 0.717894 0.004417
4861.769159 0.709866 0.004392
4861.784156 0.703291 0.004362
4861.799153 0.703621 0.004366
4861.814150 0.701238 0.004361
4861.829147 0.700225 0.004359
4861.844144 0.697897 0.004347
4861.859141 0.689728 0.004318
4861.874138 0.686266 0.004303
4861.889135 0.681318 0.004285
4861.904132 0.677462 0.004275
4861.919130 0.675482 0.004273
4861.934127 0.675243 0.004275
4861.949124 0.668036 0.004250
4861.964122 0.663527 0.004228
4861.979119 0.661519 0.004218
4861.994116 0.654939 0.004196
4862.009114 0.644495 0.004164
4862.024111 0.642943 0.004160
4862.039109 0.633787 0.004129
4862.054107 0.626525 0.004096
4862.069104 0.618560 0.004069
4862.084102 0.609180 0.004037
4862.099100 0.598377 0.003997
4862.114098 0.582543 0.003938
4862.129096 0.566499 0.003885
4862.144094 0.552386 0.003831
4862.159091 0.534809 0.003771
4862.174090 0.515278 0.003704
4862.189088 0.495538 0.003626
4862.204086 0.460191 0.003498
4862.219084 0.439470 0.003425
4862.234082 0.414239 0.003328
4862.249080 0.392232 0.003244
4862.264079 0.375542 0.003185
4862.279077 0.362109 0.003131
4862.294075 0.347275 0.003077
4862.309074 0.337522 0.003039
4862.324072 0.320936 0.002977
4862.339071 0.303015 0.002907
4862.354069 0.287744 0.002851
4862.369068 0.265958 0.002771
4862.384067 0.248024 0.002694
4862.399065 0.236913 0.002652
4862.414064 0.224607 0.002606
4862.429063 0.211711 0.002558
4862.444062 0.199830 0.002510
4862.459061 0.188975 0.002476
4862.474060 0.182669 0.002444
4862.489059 0.176808 0.002419
4862.504058 0.171892 0.002400
4862.519057 0.168464 0.002390
4862.534056 0.166378 0.002388
4862.549055 0.159117 0.002355
4862.564054 0.157976 0.002356
4862.579053 0.157994 0.002359
4862.594053 0.158209 0.002362
4862.609052 0.159674 0.002362
4862.624051 0.158895 0.002356
4862.639051 0.160175 0.002358
4862.654050 0.158921 0.002357
4862.669050 0.161655 0.002370
4862.684050 0.168134 0.002395
4862.699049 0.173466 0.002418
4862.714049 0.179706 0.002451
4862.729049 0.183132 0.002457
4862.744048 0.190078 0.002486
4862.759048 0.198865 0.002525
4862.774048 0.209528 0.002567
4862.789048 0.220615 0.002604
4862.804048 0.235459 0.002664
4862.819048 0.251846 0.002728
4862.834048 0.267875 0.002791
4862.849048 0.283468 0.002852
4862.864048 0.301104 0.002925
4862.879048 0.322749 0.003027
4862.894049 0.350631 0.003117
4862.909049 0.371391 0.003194
4862.924049 0.392917 0.003271
4862.939050 0.414631 0.003351
4862.954050 0.436708 0.003435
4862.969051 0.459573 0.003522
4862.984051 0.483775 0.003618
4862.999052 0.498005 0.003671
4863.014052 0.509094 0.003731
4863.029053 0.517905 0.003783
4863.044054 0.518943 0.003781
4863.059054 0.506156 0.003699
4863.074055 0.491140 0.003647
4863.089056 0.471932 0.003575
4863.104057 0.461896 0.003538
4863.119058 0.460761 0.003536
4863.134059 0.473850 0.003580
4863.149060 0.505480 0.003703
4863.164061 0.527878 0.003791
4863.179062 0.538740 0.003830
4863.194063 0.544817 0.003854
4863.209064 0.552395 0.003884
4863.224066 0.563830 0.003919
4863.239067 0.581626 0.003987
4863.254068 0.598020 0.004046
4863.269070 0.622224 0.004136
4863.284071 0.638944 0.004202
4863.299073 0.648856 0.004239
4863.314074 0.662720 0.004279
4863.329076 0.678098 0.004337
4863.344077 0.680565 0.004345
4863.359079 0.686170 0.004367
4863.374081 0.693985 0.004399
4863.389082 0.700361 0.004419
4863.404084 0.700289 0.004413
4863.419086 0.703536 0.004432
4863.434088 0.707770 0.004512
4863.449090 0.713675 0.004554
4863.464092 0.716194 0.004533
4863.479094 0.717983 0.004477
4863.494096 0.722024 0.004495
4863.509098 0.729411 0.004534
4863.524100 0.735064 0.004554
4863.539103 0.736713 0.004558
4863.554105 0.741009 0.004570
4863.569107 0.750136 0.004601
4863.584110 0.747943 0.004597
4863.599112 0.754008 0.004715
4863.614114 0.756794 0.004738
4863.629117 0.762019 0.004707
4863.644119 0.762625 0.004649
4863.659122 0.762805 0.004645
4863.674125 0.761438 0.004644
4863.689127 0.770585 0.004676
4863.704130 0.775000 0.004691
4863.719133 0.775856 0.004694
4863.734136 0.766120 0.004663
4863.749139 0.755337 0.004627
4863.764142 0.741695 0.004573
4863.779144 0.717488 0.004496
4863.794147 0.697918 0.004424
4863.809151 0.675587 0.004340
4863.824154 0.653085 0.004260
4863.839157 0.634716 0.004199
4863.854160 0.628975 0.004170
4863.869163 0.631045 0.004182
4863.884167 0.648923 0.004245
4863.899170 0.681914 0.004369
4863.914173 0.713645 0.004482
4863.929177 0.745940 0.004591
4863.944180 0.776434 0.004708
4863.959184 0.786354 0.004748
4863.974187 0.799130 0.004795
4863.989191 0.809402 0.004829
4864.004195 0.811684 0.004836
4864.019198 0.814492 0.004846
4864.034202 0.817202 0.004852
4864.049206 0.825511 0.004892
4864.064210 0.823540 0.004900
4864.079214 0.824189 0.004923
4864.094217 0.828102 0.004943
4864.109221 0.828376 0.004894
4864.124225 0.830982 0.004916
4864.139230 0.829603 0.004910
4864.154234 0.830606 0.004908
4864.169238 0.832918 0.004915
4864.184242 0.834519 0.004925
4864.199246 0.837932 0.004940
4864.214251 0.839475 0.004943
4864.229255 0.837317 0.004946
4864.244259 0.836897 0.005048
4864.259264 0.838717 0.005035
4864.274268 0.839188 0.004945
4864.289273 0.834074 0.004927
4864.304277 0.832945 0.004928
4864.319282 0.827192 0.004904
4864.334287 0.823811 0.004892
4864.349291 0.822094 0.004890
4864.364296 0.825844 0.004910
4864.379301 0.832104 0.004930
4864.394306 0.829994 0.004918
4864.409311 0.843006 0.004963
4864.424316 0.843245 0.004967
4864.439321 0.844014 0.004970
4864.454326 0.843041 0.004966
4864.469331 0.844064 0.004971
4864.484336 0.844987 0.004966
4864.499341 0.841210 0.004964
4864.514347 0.840437 0.004959
4864.529352 0.845327 0.004976
4864.544357 0.854855 0.005011
4864.559363 0.858042 0.005017
4864.574368 0.853586 0.005005
4864.589373 0.862145 0.005036
4864.604379 0.862449 0.005038
4864.619384 0.863702 0.005046
4864.634390 0.863222 0.005044
4864.649396 0.862091 0.005038
4864.664401 0.862165 0.005034
4864.679407 0.869080 0.005065
4864.694413 0.864608 0.005052
4864.709419 0.862480 0.005044
4864.724425 0.860743 0.005033
4864.739431 0.861456 0.005034
4864.754437 0.868655 0.005063
4864.769443 0.863384 0.005049
4864.784449 0.861231 0.005038
4864.799455 0.854362 0.005011
4864.814461 0.832049 0.004931
4864.829467 0.801172 0.004821
4864.844473 0.749473 0.004632
4864.859480 0.658983 0.004315
4864.874486 0.581271 0.004034
4864.889492 0.507741 0.003762
4864.904499 0.451762 0.003553
4864.919505 0.439263 0.003505
4864.934512 0.458058 0.003574
4864.949518 0.544051 0.003895
4864.964525 0.617601 0.004167
4864.979532 0.682158 0.004402
4864.994538 0.740991 0.004613
4865.009545 0.772278 0.004723
4865.024552 0.790270 0.004788
4865.039559 0.809640 0.004852
4865.054566 0.816157 0.004873
4865.069573 0.828624 0.004916
4865.084580 0.842089 0.004973
4865.099587 0.843940 0.004976
4865.114594 0.840096 0.004966
4865.129601 0.829352 0.004934
4865.144608 0.787376 0.004786
4865.159615 0.745860 0.004631
4865.174623 0.699771 0.004468
4865.189630 0.679920 0.004396
4865.204637 0.676321 0.004381
4865.219645 0.690833 0.004431
4865.234652 0.738517 0.004609
4865.249660 0.782019 0.004764
4865.264667 0.822040 0.004909
4865.279675 0.848724 0.005008
4865.294682 0.870674 0.005086
4865.309690 0.893631 0.005171
4865.324698 0.896982 0.005178
4865.339706 0.902335 0.005199
4865.354714 0.898620 0.005184
4865.369721 0.902333 0.005197
4865.384729 0.901226 0.005197
4865.399737 0.886527 0.005146
4865.414745 0.869898 0.005082
4865.429753 0.861105 0.005050
4865.444761 0.850711 0.005020
4865.459770 0.839102 0.004972
4865.474778 0.826548 0.004927
4865.489786 0.803245 0.004856
4865.504794 0.756275 0.004686
4865.519803 0.706288 0.004524
4865.534811 0.647406 0.004296
4865.549819 0.589225 0.004077
4865.564828 0.549851 0.003998
4865.579836 0.519779 0.003947
4865.594845 0.511549 0.003782
4865.609854 0.548181 0.003923
4865.624862 0.606616 0.004141
4865.639871 0.678698 0.004396
4865.654880 0.739942 0.004623
4865.669889 0.800656 0.004846
4865.684897 0.853308 0.005034
4865.699906 0.883719 0.005145
4865.714915 0.900373 0.005204
4865.729924 0.914427 0.005251
4865.744933 0.920172 0.005270
4865.759942 0.923587 0.005284
4865.774951 0.925726 0.005288
4865.789961 0.926473 0.005292
4865.804970 0.926736 0.005300
4865.819979 0.930789 0.005307
4865.834988 0.924403 0.005283
4865.849998 0.917678 0.005262
4865.865007 0.916653 0.005263
4865.880017 0.917067 0.005261
4865.895026 0.914703 0.005255
4865.910036 0.891717 0.005190
4865.925045 0.868987 0.005098
4865.940055 0.836078 0.004977
4865.955065 0.780828 0.004779
4865.970074 0.723382 0.004568
4865.985084 0.675772 0.004398
4866.000094 0.646677 0.004294
4866.015104 0.663867 0.004354
4866.030114 0.700622 0.004486
4866.045124 0.758794 0.004694
4866.060134 0.809122 0.004875
4866.075144 0.847499 0.005012
4866.090154 0.879959 0.005132
4866.105164 0.896363 0.005188
4866.120174 0.906684 0.005227
4866.135184 0.915160 0.005262
4866.150195 0.923886 0.005287
4866.165205 0.923758 0.005285
4866.180215 0.929360 0.005311
4866.195226 0.935815 0.005325
4866.210236 0.933602 0.005325
4866.225247 0.934232 0.005326
4866.240257 0.935695 0.005330
4866.255268 0.934132 0.005326
4866.270278 0.935945 0.005328
4866.285289 0.936325 0.005335
4866.300300 0.938369 0.005342
4866.315311 0.930127 0.005311
4866.330322 0.932546 0.005319
4866.345332 0.936765 0.005333
4866.360343 0.935256 0.005327
4866.375354 0.936016 0.005338
4866.390365 0.942525 0.005380
4866.405376 0.942585 0.005365
4866.420388 0.938620 0.005347
4866.435399 0.938541 0.005349
4866.450410 0.936409 0.005342
4866.465421 0.931114 0.005324
4866.480432 0.936975 0.005334
4866.495444 0.939883 0.005351
4866.510455 0.930185 0.005316
4866.525467 0.934829 0.005366
4866.540478 0.939709 0.005387
4866.555490 0.938935 0.005353
4866.570501 0.932367 0.005322
4866.585513 0.941322 0.005356
4866.600524 0.940632 0.005361
4866.615536 0.941046 0.005357
4866.630548 0.939254 0.005351
4866.645560 0.935451 0.005340
4866.660572 0.932895 0.005330
4866.675584 0.933175 0.005330
4866.690595 0.937254 0.005348
4866.705607 0.931803 0.005327
4866.720620 0.927326 0.005307
4866.735632 0.926017 0.005301
4866.750644 0.923097 0.005301
4866.765656 0.918679 0.005284
4866.780668 0.907322 0.005242
4866.795680 0.871853 0.005117
4866.810693 0.837745 0.004999
4866.825705 0.795449 0.004844
4866.840717 0.727420 0.004599
4866.855730 0.675532 0.004429
4866.870742 0.633406 0.004307
4866.885755 0.625519 0.004218
4866.900768 0.653328 0.004323
4866.915780 0.701340 0.004500
4866.930793 0.767727 0.004741
4866.945806 0.821731 0.004939
4866.960818 0.864521 0.005092
4866.975831 0.898813 0.005213
4866.990844 0.922106 0.005293
4867.005857 0.925343 0.005308
4867.020870 0.934990 0.005342
4867.035883 0.940707 0.005364
4867.050896 0.943184 0.005371
4867.065909 0.942693 0.005367
4867.080922 0.945472 0.005380
4867.095936 0.947499 0.005392
4867.110949 0.941708 0.005366
4867.125962 0.945641 0.005381
4867.140975 0.947265 0.005387
4867.155989 0.949074 0.005391
4867.171002 0.955068 0.005405
4867.186016 0.950144 0.005351
4867.201029 0.953237 0.005365
4867.216043 0.953383 0.005435
4867.231056 0.952848 0.005427
4867.246070 0.955758 0.005421
4867.261084 0.960988 0.005437
4867.276098 0.956882 0.005426
4867.291111 0.953346 0.005422
4867.306125 0.951198 0.005413
4867.321139 0.946681 0.005398
4867.336153 0.944890 0.005391
4867.351167 0.942486 0.005380
4867.366181 0.935269 0.005353
4867.381195 0.925135 0.005315
4867.396209 0.912790 0.005276
4867.411223 0.894946 0.005209
4867.426238 0.878543 0.005148
4867.441252 0.847494 0.005036
4867.456266 0.801078 0.004871
4867.471281 0.747358 0.004682
4867.486295 0.667083 0.004387
4867.501309 0.557168 0.003989
4867.516324 0.478520 0.003697
4867.531338 0.418384 0.003478
4867.546353 0.407350 0.003437
4867.561368 0.441755 0.003568
4867.576382 0.504786 0.003801
4867.591397 0.601985 0.005443
4867.606412 0.710026 0.004542
4867.621427 0.780711 0.004804
4867.636442 0.853994 0.005067
4867.651456 0.886434 0.005181
4867.666471 0.908782 0.005257
4867.681486 0.928060 0.005319
4867.696501 0.940688 0.005374
4867.711517 0.946834 0.005390
4867.726532 0.951406 0.005409
4867.741547 0.954009 0.005419
4867.756562 0.953265 0.005416
4867.771577 0.952030 0.005415
4867.786593 0.949216 0.005407
4867.801608 0.954387 0.005426
4867.816623 0.948091 0.005410
4867.831639 0.948146 0.005400
4867.846654 0.946589 0.005394
4867.861670 0.945823 0.005391
4867.876686 0.950378 0.005405
4867.891701 0.946455 0.005394
4867.906717 0.946883 0.005401
4867.921733 0.947959 0.005406
4867.936749 0.951149 0.005414
4867.951764 0.950816 0.005405
4867.966780 0.945679 0.005390
4867.981796 0.947173 0.005402
4867.996812 0.947778 0.005406
4868.011828 0.949080 0.005398
4868.026844 0.958164 0.005428
4868.041860 0.958395 0.005440
4868.056877 0.965955 0.005460
4868.071893 0.964920 0.005457
4868.086909 0.963307 0.005451
4868.101925 0.961266 0.005443
4868.116942 0.952892 0.005417
4868.131958 0.951503 0.005419
4868.146974 0.946506 0.005397
4868.161991 0.943773 0.005385
4868.177007 0.940787 0.005374
4868.192024 0.944248 0.005384
4868.207041 0.955671 0.005421
4868.222057 0.957821 0.005440
4868.237074 0.960146 0.005447
4868.252091 0.964102 0.005457
4868.267108 0.967966 0.005470
4868.282125 0.971796 0.005480
4868.297141 0.972481 0.005480
4868.312158 0.972964 0.005487
4868.327175 0.976217 0.005503
4868.342192 0.968627 0.005478
4868.357209 0.971125 0.005480
4868.372227 0.975948 0.005499
4868.387244 0.976671 0.005501
4868.402261 0.979035 0.005513
4868.417278 0.981132 0.005524
4868.432296 0.978254 0.005511
4868.447313 0.978370 0.005507
4868.462330 0.981821 0.005522
4868.477348 0.987528 0.005544
4868.492365 0.985260 0.005530
4868.507383 0.984663 0.005529
4868.522401 0.984568 0.005532
4868.537418 0.984241 0.005531
4868.552436 0.985101 0.005537
4868.567454 0.987980 0.005543
4868.582471 0.989300 0.005551
4868.597489 0.984580 0.005535
4868.612507 0.978861 0.005513
4868.627525 0.977177 0.005506
4868.642543 0.979841 0.005515
4868.657561 0.981817 0.005524
4868.672579 0.982322 0.005527
4868.687597 0.978195 0.005515
4868.702615 0.971437 0.005492
4868.717633 0.963789 0.005460
4868.732652 0.955706 0.005434
4868.747670 0.942027 0.005386
4868.762688 0.918404 0.005299
4868.777707 0.893910 0.005208
4868.792725 0.878939 0.005155
4868.807744 0.872292 0.005131
4868.822762 0.886261 0.005182
4868.837781 0.901652 0.005234
4868.852799 0.916593 0.005283
4868.867818 0.932680 0.005359
4868.882837 0.946293 0.005400
4868.897855 0.954329 0.005430
4868.912874 0.964113 0.005458
4868.927893 0.959559 0.005443
4868.942912 0.960735 0.005449
4868.957931 0.967677 0.005475
4868.972950 0.962931 0.005457
4868.987969 0.952619 0.005422
4869.002988 0.942236 0.005380
4869.018007 0.922289 0.005311
4869.033026 0.896559 0.005219
4869.048046 0.860032 0.005093
4869.063065 0.805849 0.004893
4869.078084 0.752297 0.004698
4869.093104 0.686634 0.004462
4869.108123 0.609172 0.004175
4869.123142 0.564666 0.004020
4869.138162 0.536971 0.003918
4869.153181 0.559104 0.004002
4869.168201 0.606082 0.004171
4869.183221 0.665513 0.004382
4869.198240 0.762595 0.004735
4869.213260 0.831903 0.004986
4869.228280 0.892362 0.005201
4869.243300 0.938783 0.005375
4869.258320 0.961714 0.005454
4869.273339 0.972230 0.005487
4869.288359 0.973324 0.005490
4869.303379 0.976392 0.005499
4869.318399 0.980151 0.005512
4869.333420 0.977351 0.005503
4869.348440 0.965743 0.005466
4869.363460 0.961091 0.005446
4869.378480 0.955552 0.005428
4869.393500 0.945761 0.005398
4869.408521 0.943351 0.005390
4869.423541 0.941531 0.005385
4869.438562 0.941569 0.005381
4869.453582 0.916626 0.005288
4869.468603 0.888789 0.005192
4869.483623 0.824231 0.004965
4869.498644 0.770870 0.004771
4869.513664 0.729262 0.004617
4869.528685 0.703518 0.004522
4869.543706 0.712868 0.004552
4869.558727 0.738882 0.004652
4869.573747 0.789279 0.004839
4869.588768 0.817154 0.004928
4869.603789 0.821366 0.004939
4869.618810 0.811718 0.004908
4869.633831 0.792100 0.004838
4869.648852 0.778414 0.004788
4869.663873 0.763974 0.004741
4869.678895 0.757519 0.004706
4869.693916 0.768472 0.004750
4869.708937 0.789065 0.004828
4869.723958 0.832111 0.004991
4869.738980 0.866106 0.005109
4869.754001 0.897110 0.005216
4869.769023 0.931358 0.005341
4869.784044 0.961387 0.005445
4869.799066 0.972557 0.005485
4869.814087 0.985329 0.005523
4869.829109 0.987740 0.005535
4869.844131 0.990848 0.005550
4869.859152 0.995684 0.005572
4869.874174 0.996743 0.005569
4869.889196 0.994056 0.005563
4869.904218 0.996032 0.005564
4869.919240 0.995540 0.005562
4869.934262 0.996885 0.005564
4869.949284 0.994701 0.005557
4869.964306 0.990722 0.005550
4869.979328 0.988088 0.005540
4869.994350 0.983798 0.005524
