4000.000000  9.16224e-01  1.83835e-02
4000.050049  9.15718e-01  1.84319e-02
4000.100098  9.11269e-01  1.81809e-02
4000.149902  9.41697e-01  1.84935e-02
4000.199951  9.59301e-01  1.87032e-02
4000.250000  9.73460e-01  1.90553e-02
4000.300049  9.43651e-01  1.87653e-02
4000.350098  9.57480e-01  1.88533e-02
4000.399902  9.41949e-01  1.86109e-02
4000.449951  9.20140e-01  1.82794e-02
4000.500000  9.07921e-01  1.81524e-02
4000.550049  8.85224e-01  1.78974e-02
4000.600098  8.77958e-01  1.78579e-02
4000.649902  8.57573e-01  1.75946e-02
4000.699951  8.33173e-01  1.73331e-02
4000.750000  8.18758e-01  1.71838e-02
4000.800049  8.03748e-01  1.69857e-02
4000.850098  7.87970e-01  1.67168e-02
4000.899902  8.05812e-01  1.69707e-02
4000.949951  8.08615e-01  1.68831e-02
4001.000000  7.71165e-01  1.66210e-02
4001.050049  7.96052e-01  1.68769e-02
4001.100098  8.64341e-01  1.76841e-02
4001.149902  8.44930e-01  1.73862e-02
4001.199951  7.05078e-01  1.57396e-02
4001.250000  6.33462e-01  1.47110e-02
4001.300049  7.11052e-01  1.56712e-02
4001.350098  8.38973e-01  1.71834e-02
4001.399902  8.54885e-01  1.73964e-02
4001.449951  9.06894e-01  1.79285e-02
4001.500000  9.54358e-01  1.84582e-02
4001.550049  9.54124e-01  1.84154e-02
4001.600098  9.71627e-01  1.86461e-02
4001.649902  9.61037e-01  1.84826e-02
4001.699951  9.21169e-01  1.81480e-02
4001.750000  9.20708e-01  1.82914e-02
4001.800049  9.67840e-01  1.88073e-02
4001.850098  9.46212e-01  1.86426e-02
4001.899902  9.59311e-01  1.86398e-02
4001.949951  9.53061e-01  1.85577e-02
4002.000000  9.44182e-01  1.85555e-02
4002.050049  9.47149e-01  1.85746e-02
4002.100098  9.69481e-01  1.87153e-02
4002.149902  9.57195e-01  1.86531e-02
4002.199951  9.88306e-01  1.88296e-02
4002.250000  9.79462e-01  1.87319e-02
4002.300049  9.71837e-01  1.85646e-02
4002.350098  9.74252e-01  1.86439e-02
4002.399902  9.91986e-01  1.88101e-02
4002.449951  9.75828e-01  1.88077e-02
4002.500000  9.43851e-01  1.84881e-02
4002.550049  9.64970e-01  1.86817e-02
4002.600098  9.31135e-01  1.83006e-02
4002.649902  9.41532e-01  1.84411e-02
4002.699951  9.28764e-01  1.83995e-02
4002.750000  9.94310e-01  1.91217e-02
4002.800049  9.83878e-01  1.88178e-02
4002.850098  9.84987e-01  1.88885e-02
4002.899902  1.00152e+00  1.91518e-02
4002.949951  1.06833e+00  2.00745e-02
4003.000000  1.00240e+00  1.92785e-02
4003.050049  9.25573e-01  1.83591e-02
4003.100098  9.23319e-01  1.84093e-02
4003.149902  9.41014e-01  1.85168e-02
4003.199951  9.58814e-01  1.86846e-02
4003.250000  9.78930e-01  1.88860e-02
4003.300049  9.75102e-01  1.89518e-02
4003.350098  9.52384e-01  1.86314e-02
4003.399902  9.74612e-01  1.89157e-02
4003.449951  9.66115e-01  1.88316e-02
4003.500000  9.82831e-01  1.90667e-02
4003.550049  9.87013e-01  1.89298e-02
4003.600098  9.74136e-01  1.89580e-02
4003.649902  9.87137e-01  1.89768e-02
4003.699951  1.00262e+00  1.91909e-02
4003.750000  9.80156e-01  1.89463e-02
4003.800049  1.00107e+00  1.91188e-02
4003.850098  9.77948e-01  1.89890e-02
4003.899902  9.78196e-01  1.89520e-02
4003.949951  9.80286e-01  1.89729e-02
4004.000000  9.87844e-01  1.91277e-02
4004.050049  1.00397e+00  1.92114e-02
4004.100098  9.86249e-01  1.89459e-02
4004.149902  9.70731e-01  1.87426e-02
4004.199951  9.66562e-01  1.87956e-02
4004.250000  9.71476e-01  1.89340e-02
4004.300049  9.98425e-01  1.92693e-02
4004.350098  9.50629e-01  1.88016e-02
4004.399902  9.81071e-01  1.90672e-02
4004.449951  1.01075e+00  1.94210e-02
4004.500000  9.82440e-01  1.90267e-02
4004.550049  9.57624e-01  1.87677e-02
4004.600098  9.75243e-01  1.89927e-02
4004.649902  9.78613e-01  1.90009e-02
4004.699951  9.55534e-01  1.87023e-02
4004.750000  9.12506e-01  1.83479e-02
4004.800049  9.16675e-01  1.83380e-02
4004.850098  9.26494e-01  1.82984e-02
4004.899902  9.25375e-01  1.81738e-02
4004.949951  9.17244e-01  1.81436e-02
4005.000000  9.11708e-01  1.81852e-02
4005.050049  9.21140e-01  1.82708e-02
4005.100098  9.12426e-01  1.82249e-02
4005.149902  9.06866e-01  1.81034e-02
4005.199951  8.88523e-01  1.80228e-02
4005.250000  9.44268e-01  1.87597e-02
4005.300049  9.43043e-01  1.88325e-02
4005.350098  9.17615e-01  1.83595e-02
4005.399902  9.13552e-01  1.83187e-02
4005.449951  9.15694e-01  1.84435e-02
4005.500000  9.48787e-01  1.87806e-02
4005.550049  9.27173e-01  1.84751e-02
4005.600098  9.57652e-01  1.89429e-02
4005.649902  9.80876e-01  1.91982e-02
4005.699951  9.51690e-01  1.87835e-02
4005.750000  9.44422e-01  1.84903e-02
4005.800049  9.34300e-01  1.84129e-02
4005.850098  9.41389e-01  1.83748e-02
4005.899902  9.24106e-01  1.82628e-02
4005.949951  9.38954e-01  1.82922e-02
4006.000000  9.41033e-01  1.82649e-02
4006.050049  9.46026e-01  1.83199e-02
4006.100098  9.08061e-01  1.79607e-02
4006.149902  9.31331e-01  1.81209e-02
4006.199951  8.97129e-01  1.77361e-02
4006.250000  8.64983e-01  1.73639e-02
4006.300049  8.22284e-01  1.68384e-02
4006.350098  7.61038e-01  1.61286e-02
4006.399902  7.25587e-01  1.56816e-02
4006.449951  6.78519e-01  1.50681e-02
4006.500000  6.35826e-01  1.45523e-02
4006.550049  5.92282e-01  1.40431e-02
4006.600098  5.59858e-01  1.36708e-02
4006.649902  5.26013e-01  1.32842e-02
4006.699951  5.02687e-01  1.30691e-02
4006.750000  4.82188e-01  1.28101e-02
4006.800049  4.77839e-01  1.26175e-02
4006.850098  4.80887e-01  1.25929e-02
4006.899902  4.97701e-01  1.28298e-02
4006.949951  5.34467e-01  1.35508e-02
4007.000000  5.98290e-01  1.43848e-02
4007.050049  6.29072e-01  1.48402e-02
4007.100098  6.99356e-01  1.57220e-02
4007.149902  7.31994e-01  1.60505e-02
4007.199951  7.41494e-01  1.62337e-02
4007.250000  7.30951e-01  1.60756e-02
4007.300049  7.19879e-01  1.58286e-02
4007.350098  7.37181e-01  1.60043e-02
4007.399902  7.56760e-01  1.62103e-02
4007.449951  7.72045e-01  1.63317e-02
4007.500000  7.86112e-01  1.65884e-02
4007.550049  8.05981e-01  1.68267e-02
4007.600098  8.24623e-01  1.70991e-02
4007.649902  8.18646e-01  1.70083e-02
4007.699951  8.36952e-01  1.73499e-02
4007.750000  8.33919e-01  1.71627e-02
4007.800049  8.47163e-01  1.72468e-02
4007.850098  8.52264e-01  1.73342e-02
4007.899902  8.72816e-01  1.75130e-02
4007.949951  8.67650e-01  1.73935e-02
4008.000000  8.73236e-01  1.76065e-02
4008.050049  8.75837e-01  1.76459e-02
4008.100098  8.83225e-01  1.78185e-02
4008.149902  8.68853e-01  1.75892e-02
4008.199951  8.28108e-01  1.71978e-02
4008.250000  8.33269e-01  1.71908e-02
4008.300049  8.39012e-01  1.73330e-02
4008.350098  8.17773e-01  1.69891e-02
4008.399902  8.26868e-01  1.69656e-02
4008.449951  8.23000e-01  1.69424e-02
4008.500000  8.02888e-01  1.68001e-02
4008.550049  7.78742e-01  1.66253e-02
4008.600098  7.92155e-01  1.69613e-02
4008.649902  8.68139e-01  1.80774e-02
4008.699951  8.56263e-01  1.79723e-02
4008.750000  8.00678e-01  1.70578e-02
4008.800049  8.32127e-01  1.73169e-02
4008.850098  8.59447e-01  1.76496e-02
4008.899902  8.69825e-01  1.77503e-02
4008.949951  9.28877e-01  1.85477e-02
4009.000000  9.28232e-01  1.84527e-02
4009.050049  9.62534e-01  1.87893e-02
4009.100098  9.71608e-01  1.86779e-02
4009.149902  1.00317e+00  1.91014e-02
4009.199951  9.81222e-01  1.88502e-02
4009.250000  9.84463e-01  1.88962e-02
4009.300049  9.82031e-01  1.89522e-02
4009.350098  1.00056e+00  1.92855e-02
4009.399902  1.00363e+00  1.94417e-02
4009.449951  1.00201e+00  1.94633e-02
4009.500000  1.02199e+00  1.94518e-02
4009.550049  1.03007e+00  1.96179e-02
4009.600098  1.03723e+00  1.98457e-02
4009.649902  1.01114e+00  1.95976e-02
4009.699951  1.00886e+00  1.93611e-02
4009.750000  1.01338e+00  1.93490e-02
4009.800049  9.99523e-01  1.92486e-02
4009.850098  9.96829e-01  1.92292e-02
4009.899902  9.97693e-01  1.91923e-02
4009.949951  9.92812e-01  1.92048e-02
4010.000000  9.91633e-01  1.92118e-02
4010.050049  9.91884e-01  1.90636e-02
4010.100098  9.60005e-01  1.86794e-02
4010.149902  9.81367e-01  1.88043e-02
4010.199951  1.00258e+00  1.91576e-02
4010.250000  1.00709e+00  1.91086e-02
4010.300049  9.96023e-01  1.90162e-02
4010.350098  1.01584e+00  1.92462e-02
4010.399902  1.00512e+00  1.92206e-02
4010.449951  9.90921e-01  1.91415e-02
4010.500000  9.99933e-01  1.92982e-02
4010.550049  9.94260e-01  1.91836e-02
4010.600098  9.91990e-01  1.92548e-02
4010.649902  9.75170e-01  1.89488e-02
4010.699951  9.76409e-01  1.90719e-02
4010.750000  1.00193e+00  1.92762e-02
4010.800049  1.00925e+00  1.92538e-02
4010.850098  1.04362e+00  1.97023e-02
4010.899902  1.07248e+00  2.00498e-02
4010.949951  1.01742e+00  1.94256e-02
4011.000000  9.96196e-01  1.89989e-02
4011.050049  9.95906e-01  1.92016e-02
4011.100098  1.01059e+00  1.93450e-02
4011.149902  1.01733e+00  1.94210e-02
4011.199951  1.01220e+00  1.93018e-02
4011.250000  1.01209e+00  1.93311e-02
4011.300049  1.01093e+00  1.92353e-02
4011.350098  1.02585e+00  1.94159e-02
4011.399902  9.97986e-01  1.91022e-02
4011.449951  1.01378e+00  1.93232e-02
4011.500000  1.02676e+00  1.93615e-02
4011.550049  1.00162e+00  1.92519e-02
4011.600098  1.02030e+00  1.94587e-02
4011.649902  1.03432e+00  1.96436e-02
4011.699951  1.03114e+00  1.95221e-02
4011.750000  9.95916e-01  1.90999e-02
4011.800049  9.99680e-01  1.90616e-02
4011.850098  1.03889e+00  1.95418e-02
4011.899902  1.02370e+00  1.92833e-02
4011.949951  1.02866e+00  1.93450e-02
4012.000000  9.94245e-01  1.89483e-02
4012.050049  1.03409e+00  1.94304e-02
4012.100098  1.02243e+00  1.93315e-02
4012.149902  1.00909e+00  1.91772e-02
4012.199951  1.01908e+00  1.93598e-02
4012.250000  1.04111e+00  1.95983e-02
4012.300049  1.03098e+00  1.95097e-02
4012.350098  1.01124e+00  1.92742e-02
4012.399902  1.00701e+00  1.93286e-02
4012.449951  1.01637e+00  1.93388e-02
4012.500000  9.95769e-01  1.90895e-02
4012.550049  1.00029e+00  1.90689e-02
4012.600098  1.02623e+00  1.94858e-02
4012.649902  9.98944e-01  1.92668e-02
4012.699951  1.00754e+00  1.94004e-02
4012.750000  1.02951e+00  1.95385e-02
4012.800049  1.01136e+00  1.93720e-02
4012.850098  9.92728e-01  1.90311e-02
4012.899902  1.00574e+00  1.91852e-02
4012.949951  9.96531e-01  1.90564e-02
4013.000000  9.96423e-01  1.91529e-02
4013.050049  1.02069e+00  1.94799e-02
4013.100098  9.99072e-01  1.92822e-02
4013.149902  9.67179e-01  1.87650e-02
4013.199951  9.65925e-01  1.87488e-02
4013.250000  9.34209e-01  1.84505e-02
4013.300049  8.92653e-01  1.79317e-02
4013.350098  8.28746e-01  1.70642e-02
4013.399902  7.16269e-01  1.56378e-02
4013.449951  6.31681e-01  1.45753e-02
4013.500000  5.31756e-01  1.32062e-02
4013.550049  4.47655e-01  1.20649e-02
4013.600098  3.78188e-01  1.11097e-02
4013.649902  3.07748e-01  1.01369e-02
4013.699951  2.51399e-01  9.23769e-03
4013.750000  2.11147e-01  8.71239e-03
4013.800049  2.22400e-01  8.93296e-03
4013.850098  2.40770e-01  9.42167e-03
4013.899902  2.55964e-01  9.50956e-03
4013.949951  2.97554e-01  1.00815e-02
4014.000000  3.62324e-01  1.11355e-02
4014.050049  4.79803e-01  1.28499e-02
4014.100098  5.59136e-01  1.39805e-02
4014.149902  6.71998e-01  1.55097e-02
4014.199951  7.78752e-01  1.67726e-02
4014.250000  8.61136e-01  1.76892e-02
4014.300049  8.86053e-01  1.80007e-02
4014.350098  9.10205e-01  1.82173e-02
4014.399902  9.40307e-01  1.85634e-02
4014.449951  9.79092e-01  1.89622e-02
4014.500000  9.94773e-01  1.91122e-02
4014.550049  9.98547e-01  1.92194e-02
4014.600098  1.00190e+00  2.01483e-02
4014.649902  9.88696e-01  2.03604e-02
4014.699951  9.76396e-01  2.07131e-02
4014.750000  1.00378e+00  2.08374e-02
4014.800049  1.00812e+00  2.08403e-02
4014.850098  1.00982e+00  2.08767e-02
4014.899902  1.01825e+00  2.10045e-02
4014.949951  1.03021e+00  2.10183e-02
4015.000000  1.02065e+00  2.08501e-02
4015.050049  9.99644e-01  2.07290e-02
4015.100098  1.00815e+00  2.08440e-02
4015.149902  9.96136e-01  2.07653e-02
4015.199951  1.00231e+00  2.09906e-02
4015.250000  9.95723e-01  2.09721e-02
4015.300049  9.99695e-01  2.09747e-02
4015.350098  1.02284e+00  2.11514e-02
4015.399902  9.96671e-01  2.07001e-02
4015.449951  9.52830e-01  2.01610e-02
4015.500000  9.26524e-01  1.98528e-02
4015.550049  9.02427e-01  1.96379e-02
4015.600098  8.24435e-01  1.84793e-02
4015.649902  7.85095e-01  1.77788e-02
4015.699951  7.08010e-01  1.66006e-02
4015.750000  6.32292e-01  1.55839e-02
4015.800049  5.08440e-01  1.38369e-02
4015.850098  4.19962e-01  1.25902e-02
4015.899902  3.74773e-01  1.19221e-02
4015.949951  2.83369e-01  1.05199e-02
4016.000000  2.70651e-01  1.02149e-02
4016.050049  2.31922e-01  9.46346e-03
4016.100098  2.32089e-01  9.44865e-03
4016.149902  2.59584e-01  9.87159e-03
4016.199951  2.88834e-01  1.03948e-02
4016.250000  2.94847e-01  1.05704e-02
4016.300049  2.80120e-01  1.02122e-02
4016.350098  1.80701e-01  8.38463e-03
4016.399902  1.62183e-01  8.01633e-03
4016.449951  1.87268e-01  8.46925e-03
4016.500000  1.77651e-01  8.19937e-03
4016.550049  7.96921e-02  6.14026e-03
4016.600098  1.40108e-02  4.18995e-03
4016.649902  2.33950e-03  3.52853e-03
4016.699951  1.31777e-02  3.98908e-03
4016.750000  1.91149e-02  4.13653e-03
4016.800049  2.76624e-02  4.48852e-03
4016.850098  1.05647e-02  4.23277e-03
4016.899902  1.84359e-03  3.71835e-03
4016.949951 -2.41830e-04  3.55673e-03
4017.000000  7.12772e-03  4.01758e-03
4017.050049  1.73406e-03  3.58427e-03
4017.100098  5.00850e-03  3.55095e-03
4017.149902 -7.18380e-03  3.52303e-03
4017.199951 -5.96066e-03  3.82036e-03
4017.250000 -4.80250e-03  3.98042e-03
4017.300049  1.40405e-03  3.85651e-03
4017.350098 -4.57422e-03  3.57146e-03
4017.399902 -5.92525e-03  3.68517e-03
4017.449951  5.82777e-03  3.88161e-03
4017.500000  1.00515e-03  3.59812e-03
4017.550049  5.25290e-03  3.54965e-03
4017.600098 -1.06473e-03  3.27682e-03
4017.649902  1.43978e-02  3.91340e-03
4017.699951  9.08889e-03  3.92228e-03
4017.750000  4.07812e-03  4.02948e-03
4017.800049 -8.80170e-04  3.80687e-03
4017.850098  1.61134e-02  4.21000e-03
4017.899902  1.07379e-02  3.96667e-03
4017.949951  2.08464e-02  4.20944e-03
4018.000000  1.70509e-02  3.96507e-03
4018.050049  6.75062e-03  3.54374e-03
4018.100098  1.22506e-02  3.73750e-03
4018.149902  3.54556e-03  3.55003e-03
4018.199951 -4.46527e-03  3.28314e-03
4018.250000 -2.63885e-04  2.89000e-03
4018.300049  6.66710e-03  3.03900e-03
4018.350098  6.36969e-03  3.22776e-03
4018.399902  4.46051e-03  3.30692e-03
4018.449951  6.65940e-03  3.64335e-03
4018.500000  2.69552e-03  3.93109e-03
4018.550049  1.64933e-02  4.26306e-03
4018.600098  2.44933e-02  4.08988e-03
4018.649902  4.37819e-02  4.63472e-03
4018.699951  6.30291e-02  5.18454e-03
4018.750000  7.86729e-02  5.65988e-03
4018.800049  9.63573e-02  6.24619e-03
4018.850098  1.32629e-01  7.01771e-03
4018.899902  1.44692e-01  7.25322e-03
4018.949951  1.54305e-01  7.53527e-03
4019.000000  2.37440e-01  9.26400e-03
4019.050049  3.65552e-01  1.14237e-02
4019.100098  4.85551e-01  1.31539e-02
4019.149902  6.29920e-01  1.50242e-02
4019.199951  7.52818e-01  1.65772e-02
4019.250000  8.69828e-01  1.79051e-02
4019.300049  8.98620e-01  1.83250e-02
4019.350098  9.85886e-01  1.93685e-02
4019.399902  9.88352e-01  1.93834e-02
4019.449951  9.48832e-01  1.88735e-02
4019.500000  9.77763e-01  1.93192e-02
4019.550049  9.76823e-01  1.92874e-02
4019.600098  9.64399e-01  1.92027e-02
4019.649902  1.01778e+00  1.98321e-02
4019.699951  1.01417e+00  1.99215e-02
4019.750000  1.01833e+00  1.99641e-02
4019.800049  1.01749e+00  2.00299e-02
4019.850098  1.00434e+00  1.98269e-02
4019.899902  9.95510e-01  1.97246e-02
4019.949951  1.01646e+00  1.99235e-02
4020.000000  1.00439e+00  1.97788e-02
4020.050049  1.02165e+00  1.99715e-02
4020.100098  1.02534e+00  1.99518e-02
4020.149902  9.86368e-01  1.95083e-02
4020.199951  9.84246e-01  1.94050e-02
4020.250000  9.94168e-01  1.95319e-02
4020.300049  1.00252e+00  1.97754e-02
4020.350098  1.02388e+00  1.99240e-02
4020.399902  1.01562e+00  1.98963e-02
4020.449951  1.02369e+00  2.00941e-02
4020.500000  1.00633e+00  1.98522e-02
4020.550049  9.75827e-01  1.94413e-02
4020.600098  9.90691e-01  1.95429e-02
4020.649902  1.01708e+00  1.98731e-02
4020.699951  1.01169e+00  1.97200e-02
4020.750000  9.99614e-01  1.95510e-02
4020.800049  9.74394e-01  1.93137e-02
4020.850098  9.40135e-01  1.89943e-02
4020.899902  9.34136e-01  1.89362e-02
4020.949951  8.92156e-01  1.85031e-02
4021.000000  8.99114e-01  1.84848e-02
4021.050049  8.72176e-01  1.82972e-02
4021.100098  8.70009e-01  1.81362e-02
4021.149902  8.75640e-01  1.82224e-02
4021.199951  9.17871e-01  1.85409e-02
4021.250000  9.52995e-01  1.89064e-02
4021.300049  9.83314e-01  1.92752e-02
4021.350098  9.72951e-01  1.90905e-02
4021.399902  9.99030e-01  1.95007e-02
4021.449951  9.65635e-01  1.90668e-02
4021.500000  9.76472e-01  1.92726e-02
4021.550049  9.72785e-01  1.91614e-02
4021.600098  9.62775e-01  1.90698e-02
4021.649902  9.70778e-01  1.91694e-02
4021.699951  9.60901e-01  1.91518e-02
4021.750000  9.70181e-01  1.92523e-02
4021.800049  9.36136e-01  1.88905e-02
4021.850098  9.31869e-01  1.88108e-02
4021.899902  9.50289e-01  1.90976e-02
4021.949951  9.11530e-01  1.85569e-02
4022.000000  9.17597e-01  1.85573e-02
4022.050049  9.01451e-01  1.82302e-02
4022.100098  9.09435e-01  1.83835e-02
4022.149902  8.88609e-01  1.83164e-02
4022.199951  8.96964e-01  1.84714e-02
4022.250000  9.14617e-01  1.86808e-02
4022.300049  9.37999e-01  1.89053e-02
4022.350098  9.42002e-01  1.89353e-02
4022.399902  9.13847e-01  1.86678e-02
4022.449951  9.18476e-01  1.87724e-02
4022.500000  9.26571e-01  1.89215e-02
4022.550049  9.27123e-01  1.89928e-02
4022.600098  8.98280e-01  1.84605e-02
4022.649902  9.00518e-01  1.85475e-02
4022.699951  8.92468e-01  1.83431e-02
4022.750000  8.86630e-01  1.82487e-02
4022.800049  8.88028e-01  1.81728e-02
4022.850098  8.83351e-01  1.81686e-02
4022.899902  8.86103e-01  1.81863e-02
4022.949951  8.64159e-01  1.78625e-02
4023.000000  8.79451e-01  1.79050e-02
4023.050049  8.96578e-01  1.82193e-02
4023.100098  9.03945e-01  1.83354e-02
4023.149902  8.87820e-01  1.83377e-02
4023.199951  8.70830e-01  1.81537e-02
4023.250000  8.63572e-01  1.81473e-02
4023.300049  8.95844e-01  1.84707e-02
4023.350098  9.41513e-01  1.90204e-02
4023.399902  9.65213e-01  1.92863e-02
4023.449951  9.83745e-01  1.95270e-02
4023.500000  9.75562e-01  1.94773e-02
4023.550049  9.75586e-01  1.95060e-02
4023.600098  9.75018e-01  1.94415e-02
4023.649902  9.92321e-01  1.96489e-02
4023.699951  1.00646e+00  1.98326e-02
4023.750000  1.02821e+00  2.00768e-02
4023.800049  1.04787e+00  2.04460e-02
4023.850098  1.03316e+00  2.00833e-02
4023.899902  9.95369e-01  1.96871e-02
4023.949951  1.00683e+00  1.97477e-02
4024.000000  1.01943e+00  2.00373e-02
4024.050049  1.02029e+00  2.00540e-02
4024.100098  1.01074e+00  1.99618e-02
4024.149902  9.93433e-01  1.97573e-02
4024.199951  1.00833e+00  1.99379e-02
4024.250000  1.00199e+00  1.98149e-02
4024.300049  1.01952e+00  2.00535e-02
4024.350098  1.04294e+00  2.02836e-02
4024.399902  1.05047e+00  2.04222e-02
4024.449951  1.01108e+00  1.99371e-02
4024.500000  1.01989e+00  1.99516e-02
4024.550049  1.01838e+00  1.98492e-02
4024.600098  1.01072e+00  1.97636e-02
4024.649902  1.01178e+00  1.99986e-02
4024.699951  1.02132e+00  2.01278e-02
4024.750000  1.02297e+00  2.02173e-02
4024.800049  1.01082e+00  1.99777e-02
4024.850098  1.01873e+00  1.99601e-02
4024.899902  9.94682e-01  1.96740e-02
4024.949951  1.01663e+00  1.99424e-02
4025.000000  9.92737e-01  1.96393e-02
4025.050049  9.75816e-01  1.95143e-02
4025.100098  9.37176e-01  1.90068e-02
4025.149902  9.74953e-01  1.94459e-02
4025.199951  9.73687e-01  1.93684e-02
4025.250000  9.68256e-01  1.92660e-02
4025.300049  9.55501e-01  1.90753e-02
4025.350098  9.51221e-01  1.91167e-02
4025.399902  9.28988e-01  1.89290e-02
4025.449951  9.27606e-01  1.89913e-02
4025.500000  9.31185e-01  1.90994e-02
4025.550049  9.39316e-01  1.91808e-02
4025.600098  9.13675e-01  1.88270e-02
4025.649902  9.57745e-01  1.92918e-02
4025.699951  9.50434e-01  1.90929e-02
4025.750000  9.48392e-01  1.90310e-02
4025.800049  9.67759e-01  1.92378e-02
4025.850098  9.76883e-01  1.92349e-02
4025.899902  9.96163e-01  1.95053e-02
4025.949951  9.80566e-01  1.93568e-02
4026.000000  9.81117e-01  1.96658e-02
4026.050049  9.60484e-01  1.94245e-02
4026.100098  9.67951e-01  1.94753e-02
4026.149902  9.51693e-01  1.92688e-02
4026.199951  9.41037e-01  1.90912e-02
4026.250000  9.50000e-01  1.90590e-02
4026.300049  9.38577e-01  1.89241e-02
4026.350098  9.60291e-01  1.93039e-02
4026.399902  9.63972e-01  1.94741e-02
4026.449951  9.65311e-01  1.93976e-02
4026.500000  9.63166e-01  1.94874e-02
4026.550049  9.35269e-01  1.90757e-02
4026.600098  9.93800e-01  1.97641e-02
4026.649902  9.71470e-01  1.96259e-02
4026.699951  9.62605e-01  1.95943e-02
4026.750000  9.81290e-01  1.97224e-02
4026.800049  1.00003e+00  1.99396e-02
4026.850098  1.00305e+00  1.99816e-02
4026.899902  1.01152e+00  2.00948e-02
4026.949951  9.98636e-01  1.98767e-02
4027.000000  1.00143e+00  1.97833e-02
4027.050049  9.90868e-01  1.97738e-02
4027.100098  9.61872e-01  1.95660e-02
4027.149902  9.81614e-01  1.99770e-02
4027.199951  9.65054e-01  1.96215e-02
4027.250000  9.87031e-01  2.00345e-02
4027.300049  9.82688e-01  1.96817e-02
4027.350098  9.80541e-01  1.96494e-02
4027.399902  9.68105e-01  1.95731e-02
4027.449951  9.00747e-01  1.87973e-02
4027.500000  8.68541e-01  1.83955e-02
4027.550049  8.36299e-01  1.79823e-02
4027.600098  7.99797e-01  1.73817e-02
4027.649902  7.79055e-01  1.71974e-02
4027.699951  7.08789e-01  1.62896e-02
4027.750000  7.23575e-01  1.65275e-02
4027.800049  6.96676e-01  1.62638e-02
4027.850098  6.89903e-01  1.62487e-02
4027.899902  7.01112e-01  1.64398e-02
4027.949951  7.24445e-01  1.66383e-02
4028.000000  7.72481e-01  1.74360e-02
4028.050049  8.03224e-01  1.78290e-02
4028.100098  8.87064e-01  1.88314e-02
4028.149902  9.24056e-01  1.92222e-02
4028.199951  9.55005e-01  1.94887e-02
4028.250000  9.79839e-01  1.98414e-02
4028.300049  9.76661e-01  1.99391e-02
4028.350098  9.86839e-01  2.00904e-02
4028.399902  9.79152e-01  1.99328e-02
4028.449951  1.01976e+00  2.02801e-02
4028.500000  9.99544e-01  2.02384e-02
4028.550049  9.83374e-01  1.99228e-02
4028.600098  9.95618e-01  2.01249e-02
4028.649902  9.78624e-01  1.99829e-02
4028.699951  9.83673e-01  2.01312e-02
4028.750000  9.63832e-01  1.97838e-02
4028.800049  9.50145e-01  1.96000e-02
4028.850098  9.51117e-01  1.95737e-02
4028.899902  9.57197e-01  1.97542e-02
4028.949951  9.58538e-01  1.97752e-02
4029.000000  9.30207e-01  1.95483e-02
4029.050049  9.53783e-01  1.96854e-02
4029.100098  9.58297e-01  1.96952e-02
4029.149902  9.56437e-01  1.96969e-02
4029.199951  9.31810e-01  1.94813e-02
4029.250000  9.17038e-01  1.93052e-02
4029.300049  9.20174e-01  1.93008e-02
4029.350098  9.46679e-01  1.97287e-02
4029.399902  9.09003e-01  1.91964e-02
4029.449951  9.16698e-01  1.91899e-02
4029.500000  9.16039e-01  1.91083e-02
4029.550049  9.60987e-01  1.96871e-02
4029.600098  9.53450e-01  1.96572e-02
4029.649902  9.34454e-01  1.95282e-02
4029.699951  9.10033e-01  1.92887e-02
4029.750000  9.50668e-01  1.99458e-02
4029.800049  9.48978e-01  1.98903e-02
4029.850098  9.27391e-01  1.96555e-02
4029.899902  9.34802e-01  1.95991e-02
4029.949951  9.28575e-01  1.94711e-02
4030.000000  9.24931e-01  1.95587e-02
4030.050049  9.40651e-01  1.97175e-02
4030.100098  9.53501e-01  1.98862e-02
4030.149902  9.30010e-01  1.96557e-02
4030.199951  9.54199e-01  1.98315e-02
4030.250000  9.55317e-01  1.99071e-02
4030.300049  9.41050e-01  1.97976e-02
4030.350098  9.01935e-01  1.93623e-02
4030.399902  8.84026e-01  1.91744e-02
4030.449951  9.04806e-01  1.92565e-02
4030.500000  9.11405e-01  1.93725e-02
4030.550049  9.10072e-01  1.93524e-02
4030.600098  9.39312e-01  1.98270e-02
4030.649902  9.70614e-01  2.01036e-02
4030.699951  9.39471e-01  1.96976e-02
4030.750000  9.44704e-01  1.96412e-02
4030.800049  9.21315e-01  1.92445e-02
4030.850098  9.22184e-01  1.93223e-02
4030.899902  9.21432e-01  1.94214e-02
4030.949951  9.12457e-01  1.93097e-02
4031.000000  8.61151e-01  1.88354e-02
4031.050049  8.25060e-01  1.83319e-02
4031.100098  7.65532e-01  1.75931e-02
4031.149902  7.24115e-01  1.69374e-02
4031.199951  6.59191e-01  1.60816e-02
4031.250000  5.82482e-01  1.50890e-02
4031.300049  5.18512e-01  1.40366e-02
4031.350098  4.50872e-01  1.30771e-02
4031.399902  4.00756e-01  1.22587e-02
4031.449951  3.58072e-01  1.14832e-02
4031.500000  3.08690e-01  1.07713e-02
4031.550049  2.83836e-01  1.03462e-02
4031.600098  2.39989e-01  9.43897e-03
4031.649902  2.08764e-01  8.59822e-03
4031.699951  1.97885e-01  8.49657e-03
4031.750000  1.69458e-01  7.99032e-03
4031.800049  1.47124e-01  7.39795e-03
4031.850098  1.27241e-01  6.84060e-03
4031.899902  1.14233e-01  6.41407e-03
4031.949951  9.65689e-02  6.06331e-03
4032.000000  9.78700e-02  6.19294e-03
4032.050049  9.92626e-02  6.27724e-03
4032.100098  1.07679e-01  6.61972e-03
4032.149902  1.23271e-01  6.98998e-03
4032.199951  1.41821e-01  7.60918e-03
4032.250000  1.99749e-01  8.70352e-03
4032.300049  2.43591e-01  9.52210e-03
4032.350098  3.01396e-01  1.05913e-02
4032.399902  3.76798e-01  1.17366e-02
4032.449951  4.94781e-01  1.34606e-02
4032.500000  5.96079e-01  1.50447e-02
4032.550049  7.11039e-01  1.65767e-02
4032.600098  7.65198e-01  1.73041e-02
4032.649902  7.89476e-01  1.75793e-02
4032.699951  8.44315e-01  1.80372e-02
4032.750000  8.57391e-01  1.82830e-02
4032.800049  8.44838e-01  1.80393e-02
4032.850098  8.50465e-01  1.78863e-02
4032.899902  8.04685e-01  1.73179e-02
4032.949951  8.00583e-01  1.71517e-02
4033.000000  7.60191e-01  1.67948e-02
4033.050049  7.04572e-01  1.59918e-02
4033.100098  7.21607e-01  1.62323e-02
4033.149902  7.23911e-01  1.62614e-02
4033.199951  7.14284e-01  1.62191e-02
4033.250000  7.11868e-01  1.61932e-02
4033.300049  7.28057e-01  1.64853e-02
4033.350098  7.33472e-01  1.65081e-02
4033.399902  7.63799e-01  1.68411e-02
4033.449951  7.87035e-01  1.71052e-02
4033.500000  8.19580e-01  1.75132e-02
4033.550049  8.22525e-01  1.74803e-02
4033.600098  8.36147e-01  1.75854e-02
4033.649902  8.45680e-01  1.76036e-02
4033.699951  8.96207e-01  1.81237e-02
4033.750000  8.85005e-01  1.79709e-02
4033.800049  8.62762e-01  1.76227e-02
4033.850098  8.51357e-01  1.76120e-02
4033.899902  8.63019e-01  1.77440e-02
4033.949951  8.74771e-01  1.78888e-02
4034.000000  8.74163e-01  1.78588e-02
4034.050049  8.84372e-01  1.78303e-02
4034.100098  8.77059e-01  1.76578e-02
4034.149902  8.69543e-01  1.74927e-02
4034.199951  9.05291e-01  1.77430e-02
4034.250000  9.09959e-01  1.78774e-02
4034.300049  8.92013e-01  1.75719e-02
4034.350098  8.96645e-01  1.77180e-02
4034.399902  9.45026e-01  1.82279e-02
4034.449951  9.68190e-01  1.85709e-02
4034.500000  9.69148e-01  1.85817e-02
4034.550049  9.57509e-01  1.85297e-02
4034.600098  9.43064e-01  1.83307e-02
4034.649902  9.52076e-01  1.84408e-02
4034.699951  9.58572e-01  1.83812e-02
4034.750000  9.47343e-01  1.83054e-02
4034.800049  9.45174e-01  1.81990e-02
4034.850098  9.38017e-01  1.80664e-02
4034.899902  9.37584e-01  1.81406e-02
4034.949951  9.39794e-01  1.82221e-02
4035.000000  9.46849e-01  1.82939e-02
4035.050049  9.37996e-01  1.80885e-02
4035.100098  9.57343e-01  1.82885e-02
4035.149902  9.37829e-01  1.80573e-02
4035.199951  9.39940e-01  1.81047e-02
4035.250000  9.62660e-01  1.83002e-02
4035.300049  9.45475e-01  1.81906e-02
4035.350098  9.68741e-01  1.83260e-02
4035.399902  9.88387e-01  1.85696e-02
4035.449951  1.00911e+00  1.89401e-02
4035.500000  1.06926e+00  1.96975e-02
4035.550049  1.00638e+00  1.86817e-02
4035.600098  1.01299e+00  1.87118e-02
4035.649902  9.81948e-01  1.82227e-02
4035.699951  9.74614e-01  1.81130e-02
4035.750000  9.84586e-01  1.82913e-02
4035.800049  9.98853e-01  1.85409e-02
4035.850098  9.80097e-01  1.83851e-02
4035.899902  9.56592e-01  1.81778e-02
4035.949951  1.00182e+00  1.87152e-02
4036.000000  1.04118e+00  1.96398e-02
4036.050049  1.02305e+00  1.91279e-02
4036.100098  9.32071e-01  1.79901e-02
4036.149902  8.84103e-01  1.73637e-02
4036.199951  8.30813e-01  1.67936e-02
4036.250000  7.61880e-01  1.59943e-02
4036.300049  6.72681e-01  1.48923e-02
4036.350098  6.07977e-01  1.41213e-02
4036.399902  5.30637e-01  1.31547e-02
4036.449951  4.47542e-01  1.22182e-02
4036.500000  3.56074e-01  1.08636e-02
4036.550049  3.03490e-01  9.88544e-03
4036.600098  2.59648e-01  9.27814e-03
4036.649902  2.31097e-01  8.73395e-03
4036.699951  2.12544e-01  8.32990e-03
4036.750000  2.02749e-01  8.00648e-03
4036.800049  2.34373e-01  8.51867e-03
4036.850098  2.81574e-01  9.28291e-03
4036.899902  3.12224e-01  9.71784e-03
4036.949951  3.80422e-01  1.08964e-02
4037.000000  4.99287e-01  1.25755e-02
4037.050049  5.70307e-01  1.36066e-02
4037.100098  6.63420e-01  1.48415e-02
4037.149902  7.65221e-01  1.60069e-02
4037.199951  8.36181e-01  1.68399e-02
4037.250000  8.53774e-01  1.70938e-02
4037.300049  8.81129e-01  1.74615e-02
4037.350098  9.07356e-01  1.77573e-02
4037.399902  9.06149e-01  1.76771e-02
4037.449951  9.00884e-01  1.76450e-02
4037.500000  9.10311e-01  1.77635e-02
4037.550049  9.21199e-01  1.78156e-02
4037.600098  8.42460e-01  1.70316e-02
4037.649902  8.34501e-01  1.68996e-02
4037.699951  8.13454e-01  1.66143e-02
4037.750000  8.03997e-01  1.65630e-02
4037.800049  8.29715e-01  1.68584e-02
4037.850098  7.81319e-01  1.62163e-02
4037.899902  7.55280e-01  1.58851e-02
4037.949951  7.43659e-01  1.56974e-02
4038.000000  7.27702e-01  1.56026e-02
4038.050049  7.20860e-01  1.54820e-02
4038.100098  7.10247e-01  1.53622e-02
4038.149902  6.57866e-01  1.47195e-02
4038.199951  6.69512e-01  1.48380e-02
4038.250000  6.24278e-01  1.42897e-02
4038.300049  6.15657e-01  1.43340e-02
4038.350098  5.91649e-01  1.40636e-02
4038.399902  5.49412e-01  1.33673e-02
4038.449951  5.14887e-01  1.30240e-02
4038.500000  4.82043e-01  1.26407e-02
4038.550049  4.29685e-01  1.19167e-02
4038.600098  3.72329e-01  1.11092e-02
4038.649902  3.06395e-01  1.01349e-02
4038.699951  2.69726e-01  9.58305e-03
4038.750000  2.19590e-01  8.63858e-03
4038.800049  1.83161e-01  7.91751e-03
4038.850098  1.62358e-01  7.59593e-03
4038.899902  1.45065e-01  7.53961e-03
4038.949951  1.17366e-01  7.13933e-03
4039.000000  1.18951e-01  7.01184e-03
4039.050049  1.08118e-01  6.71447e-03
4039.100098  1.16504e-01  6.84269e-03
4039.149902  1.56794e-01  7.68005e-03
4039.199951  2.03323e-01  8.33246e-03
4039.250000  2.55391e-01  9.20925e-03
4039.300049  3.44432e-01  1.05127e-02
4039.350098  4.25101e-01  1.17901e-02
4039.399902  5.22399e-01  1.31785e-02
4039.449951  6.36064e-01  1.45701e-02
4039.500000  7.29678e-01  1.56945e-02
4039.550049  7.88141e-01  1.63251e-02
4039.600098  8.38510e-01  1.69291e-02
4039.649902  9.17115e-01  1.77788e-02
4039.699951  9.42981e-01  1.81411e-02
4039.750000  9.56448e-01  1.82931e-02
4039.800049  9.50307e-01  1.81939e-02
4039.850098  9.64445e-01  1.83040e-02
4039.899902  9.84559e-01  1.84850e-02
4039.949951  9.85306e-01  1.83870e-02
4040.000000  9.80899e-01  1.84349e-02
4040.050049  9.74018e-01  1.84243e-02
4040.100098  9.76606e-01  1.87545e-02
4040.149902  9.79668e-01  1.88227e-02
4040.199951  9.59890e-01  1.84217e-02
4040.250000  8.98453e-01  1.76215e-02
4040.300049  8.41508e-01  1.69332e-02
4040.350098  7.90319e-01  1.63927e-02
4040.399902  7.34979e-01  1.57344e-02
4040.449951  6.88565e-01  1.52477e-02
4040.500000  6.14506e-01  1.44086e-02
4040.550049  5.27367e-01  1.32062e-02
4040.600098  4.50119e-01  1.22618e-02
4040.649902  3.63936e-01  1.09087e-02
4040.699951  3.24504e-01  1.03879e-02
4040.750000  2.97127e-01  1.00231e-02
4040.800049  2.63652e-01  9.43321e-03
4040.850098  2.53915e-01  9.30189e-03
4040.899902  2.50439e-01  9.12649e-03
4040.949951  2.43832e-01  9.03948e-03
4041.000000  2.24036e-01  8.73949e-03
4041.050049  2.19806e-01  8.70071e-03
4041.100098  2.14065e-01  8.43062e-03
4041.149902  1.87783e-01  8.05420e-03
4041.199951  1.81741e-01  7.85125e-03
4041.250000  1.74168e-01  7.61985e-03
4041.300049  1.38293e-01  7.05360e-03
4041.350098  1.41801e-01  7.06581e-03
4041.399902  1.38395e-01  6.94984e-03
4041.449951  1.43928e-01  7.13593e-03
4041.500000  1.42988e-01  7.19133e-03
4041.550049  1.49615e-01  7.40477e-03
4041.600098  1.86286e-01  8.02435e-03
4041.649902  2.35382e-01  8.83819e-03
4041.699951  2.59779e-01  9.26359e-03
4041.750000  3.03652e-01  9.83365e-03
4041.800049  3.69528e-01  1.07890e-02
4041.850098  4.29892e-01  1.17057e-02
4041.899902  5.28194e-01  1.30383e-02
4041.949951  5.88157e-01  1.38573e-02
4042.000000  6.48360e-01  1.47150e-02
4042.050049  7.10691e-01  1.54666e-02
4042.100098  7.31489e-01  1.59037e-02
4042.149902  7.49542e-01  1.61144e-02
4042.199951  8.02081e-01  1.66790e-02
4042.250000  7.94073e-01  1.65535e-02
4042.300049  8.17524e-01  1.68572e-02
4042.350098  8.36232e-01  1.70775e-02
4042.399902  7.92137e-01  1.63245e-02
4042.449951  8.31600e-01  1.66148e-02
4042.500000  8.82771e-01  1.72464e-02
4042.550049  9.20451e-01  1.75842e-02
4042.600098  9.22179e-01  1.77171e-02
4042.649902  8.86594e-01  1.73674e-02
4042.699951  8.81440e-01  1.74140e-02
4042.750000  9.45079e-01  1.81458e-02
4042.800049  9.42678e-01  1.81289e-02
4042.850098  9.33028e-01  1.79333e-02
4042.899902  9.25363e-01  1.79780e-02
4042.949951  9.30175e-01  1.80874e-02
4043.000000  9.16265e-01  1.79584e-02
4043.050049  8.96562e-01  1.77010e-02
4043.100098  9.04963e-01  1.77948e-02
4043.149902  8.55453e-01  1.72757e-02
4043.199951  8.67185e-01  1.75204e-02
4043.250000  8.90326e-01  1.76762e-02
4043.300049  9.27867e-01  1.80958e-02
4043.350098  9.56963e-01  1.83577e-02
4043.399902  9.13521e-01  1.78586e-02
4043.449951  9.01849e-01  1.78604e-02
4043.500000  9.29830e-01  1.80931e-02
4043.550049  9.74609e-01  1.85949e-02
4043.600098  9.80532e-01  1.86264e-02
4043.649902  9.64835e-01  1.84459e-02
4043.699951  9.89497e-01  1.87142e-02
4043.750000  9.78936e-01  1.86950e-02
4043.800049  9.73790e-01  1.85773e-02
4043.850098  9.84463e-01  1.87444e-02
4043.899902  9.71324e-01  1.84834e-02
4043.949951  9.72673e-01  1.85819e-02
4044.000000  9.81052e-01  1.86224e-02
4044.050049  9.96422e-01  1.87846e-02
4044.100098  9.97852e-01  1.88643e-02
4044.149902  1.01362e+00  1.89783e-02
4044.199951  9.81016e-01  1.86233e-02
4044.250000  1.01418e+00  1.88900e-02
4044.300049  9.93504e-01  1.88510e-02
4044.350098  9.65042e-01  1.84921e-02
4044.399902  9.97576e-01  1.88231e-02
4044.449951  9.77587e-01  1.85296e-02
4044.500000  9.82759e-01  1.86616e-02
4044.550049  9.74708e-01  1.85468e-02
4044.600098  9.77137e-01  1.86924e-02
4044.649902  9.83978e-01  1.86858e-02
4044.699951  9.54942e-01  1.83120e-02
4044.750000  9.71343e-01  1.83316e-02
4044.800049  1.00765e+00  1.87724e-02
4044.850098  9.97563e-01  1.86426e-02
4044.899902  9.64984e-01  1.82870e-02
4044.949951  9.63667e-01  1.82899e-02
4045.000000  9.65729e-01  1.82676e-02
4045.050049  9.58697e-01  1.80650e-02
4045.100098  9.67506e-01  1.81473e-02
4045.149902  9.63183e-01  1.80936e-02
4045.199951  9.52692e-01  1.81230e-02
4045.250000  9.70136e-01  1.83554e-02
4045.300049  9.82132e-01  1.85413e-02
4045.350098  9.45528e-01  1.80983e-02
4045.399902  9.18815e-01  1.77964e-02
4045.449951  9.43146e-01  1.81580e-02
4045.500000  9.49721e-01  1.81794e-02
4045.550049  9.28987e-01  1.81058e-02
4045.600098  9.52679e-01  1.82810e-02
4045.649902  9.59350e-01  1.82794e-02
4045.699951  9.40912e-01  1.78616e-02
4045.750000  9.26666e-01  1.76541e-02
4045.800049  9.62774e-01  1.81400e-02
4045.850098  9.35062e-01  1.80898e-02
4045.899902  9.39819e-01  1.80833e-02
4045.949951  9.15596e-01  1.79060e-02
4046.000000  9.40613e-01  1.80755e-02
4046.050049  8.92639e-01  1.75075e-02
4046.100098  8.73871e-01  1.71686e-02
4046.149902  8.44753e-01  1.69243e-02
4046.199951  7.93228e-01  1.62925e-02
4046.250000  7.15761e-01  1.52753e-02
4046.300049  5.75271e-01  1.35771e-02
4046.350098  4.07593e-01  1.12784e-02
4046.399902  2.09879e-01  8.07645e-03
4046.449951  8.04151e-02  5.46963e-03
4046.500000  2.33787e-02  4.02361e-03
4046.550049  8.45623e-03  3.77556e-03
4046.600098  6.64048e-03  3.81589e-03
4046.649902  1.16066e-02  3.67822e-03
4046.699951  3.46767e-03  3.23923e-03
4046.750000  3.45414e-03  2.96581e-03
4046.800049 -2.70170e-03  2.97158e-03
4046.850098 -3.19542e-03  2.89160e-03
4046.899902  3.41397e-04  2.91819e-03
4046.949951  4.26950e-03  3.10440e-03
4047.000000  4.34639e-03  3.07372e-03
4047.050049  5.96577e-05  2.80730e-03
4047.100098 -2.12379e-03  2.74826e-03
4047.149902 -2.18851e-03  2.76065e-03
4047.199951  2.77630e-03  2.88497e-03
4047.250000  3.37890e-03  2.97152e-03
4047.300049  3.68103e-03  2.99271e-03
4047.350098  1.44360e-02  3.43166e-03
4047.399902  1.13787e-02  3.36321e-03
4047.449951  6.10458e-03  3.34738e-03
4047.500000  5.55321e-03  3.29318e-03
4047.550049  3.81167e-03  3.26887e-03
4047.600098  1.06016e-02  3.52719e-03
4047.649902  1.23067e-02  3.58300e-03
4047.699951  8.17047e-03  3.46761e-03
4047.750000  4.44972e-03  3.49715e-03
4047.800049  8.40545e-03  3.91746e-03
4047.850098 -9.84106e-03  3.42422e-03
4047.899902  6.71498e-03  3.71254e-03
4047.949951  7.13549e-03  3.62910e-03
4048.000000  2.52666e-03  3.40520e-03
4048.050049  1.31994e-03  3.48447e-03
4048.100098 -6.55996e-04  3.47500e-03
4048.149902  3.72896e-03  3.36535e-03
4048.199951  4.11206e-03  3.55632e-03
4048.250000 -2.49307e-04  3.45743e-03
4048.300049 -4.02129e-03  3.16080e-03
4048.350098  6.09570e-03  3.46830e-03
4048.399902  4.45113e-03  3.73790e-03
4048.449951  2.06937e-03  3.75412e-03
4048.500000  3.19326e-03  4.01879e-03
4048.550049  6.11564e-04  4.25133e-03
4048.600098  1.43458e-03  4.10791e-03
4048.649902  1.05033e-02  4.04894e-03
4048.699951  5.16998e-03  3.89143e-03
4048.750000  1.52782e-02  4.11417e-03
4048.800049  1.24093e-02  3.91667e-03
4048.850098  5.62747e-03  3.80209e-03
4048.899902 -1.33279e-02  3.82215e-03
4048.949951  6.49728e-03  4.16607e-03
4049.000000  8.33404e-03  3.87214e-03
4049.050049  9.84083e-03  3.99669e-03
4049.100098  1.17099e-02  4.18949e-03
4049.149902  5.92402e-03  4.06129e-03
4049.199951  1.21985e-02  4.52771e-03
4049.250000  3.51557e-03  4.19589e-03
4049.300049 -1.42174e-03  2.73423e-03
4049.350098  4.84903e-03  3.65235e-03
4049.399902  1.61950e-02  4.16451e-03
4049.449951  1.80294e-03  3.76269e-03
4049.500000  3.10804e-03  3.78561e-03
4049.550049  1.16353e-02  4.15960e-03
4049.600098  1.08244e-02  4.23765e-03
4049.649902  2.54326e-03  3.96015e-03
4049.699951  4.88435e-03  3.91989e-03
4049.750000 -5.31858e-03  3.54276e-03
4049.800049 -4.01482e-03  3.48716e-03
4049.850098  1.30216e-02  3.67678e-03
4049.899902  1.28091e-02  3.44481e-03
4049.949951  5.90119e-03  3.36657e-03
4050.000000  7.76385e-03  3.58314e-03
4050.050049  1.23657e-02  3.80683e-03
4050.100098  3.19162e-04  3.83888e-03
4050.149902  5.92400e-03  4.21476e-03
4050.199951  1.04645e-02  4.14753e-03
4050.250000 -1.89490e-03  3.66246e-03
4050.300049 -7.17649e-03  3.42648e-03
4050.350098  5.91470e-03  3.76022e-03
4050.399902  1.79550e-03  3.48700e-03
4050.449951 -7.74587e-04  3.31622e-03
4050.500000  4.74378e-03  3.52321e-03
4050.550049  7.12840e-03  3.60813e-03
4050.600098  6.21863e-03  3.75416e-03
4050.649902 -5.63227e-03  3.64521e-03
4050.699951  3.16269e-04  3.52399e-03
4050.750000  4.71314e-03  3.69050e-03
4050.800049  2.12941e-03  3.63088e-03
4050.850098  6.01215e-03  3.74356e-03
4050.899902  5.27692e-03  3.74554e-03
4050.949951 -6.75733e-04  3.59738e-03
4051.000000  8.09822e-03  3.81422e-03
4051.050049  4.26735e-03  3.84328e-03
4051.100098  1.23890e-02  3.88880e-03
4051.149902  6.25051e-02  5.40520e-03
4051.199951  1.34158e-01  7.12483e-03
4051.250000  2.50553e-01  9.48568e-03
4051.300049  3.89174e-01  1.17774e-02
4051.350098  5.54138e-01  1.41034e-02
4051.399902  6.55557e-01  1.55266e-02
4051.449951  7.21355e-01  1.63568e-02
4051.500000  7.74765e-01  1.71086e-02
4051.550049  7.88245e-01  1.72863e-02
4051.600098  7.69706e-01  1.71624e-02
4051.649902  7.41694e-01  1.67909e-02
4051.699951  6.79864e-01  1.60192e-02
4051.750000  6.40198e-01  1.53546e-02
4051.800049  6.28467e-01  1.52474e-02
4051.850098  5.59605e-01  1.40526e-02
4051.899902  4.90041e-01  1.30603e-02
4051.949951  4.64695e-01  1.26644e-02
4052.000000  4.44488e-01  1.24734e-02
4052.050049  4.15977e-01  1.20850e-02
4052.100098  3.97640e-01  1.17588e-02
4052.149902  4.15569e-01  1.20442e-02
4052.199951  4.30518e-01  1.21806e-02
4052.250000  4.40836e-01  1.23282e-02
4052.300049  4.73037e-01  1.27905e-02
4052.350098  4.84779e-01  1.30486e-02
4052.399902  5.27154e-01  1.36823e-02
4052.449951  5.46057e-01  1.39273e-02
4052.500000  5.92949e-01  1.44239e-02
4052.550049  6.33557e-01  1.49829e-02
4052.600098  6.71165e-01  1.53688e-02
4052.649902  7.13107e-01  1.60148e-02
4052.699951  7.43038e-01  1.64051e-02
4052.750000  7.90729e-01  1.70768e-02
4052.800049  8.59327e-01  1.77875e-02
4052.850098  8.56268e-01  1.78265e-02
4052.899902  8.80654e-01  1.80683e-02
4052.949951  8.89353e-01  1.82005e-02
4053.000000  9.02517e-01  1.82648e-02
4053.050049  9.15094e-01  1.83736e-02
4053.100098  9.26668e-01  1.83886e-02
4053.149902  9.27297e-01  1.85319e-02
4053.199951  9.61036e-01  1.89000e-02
4053.250000  9.51270e-01  1.88284e-02
4053.300049  9.56393e-01  1.88950e-02
4053.350098  9.78154e-01  1.91080e-02
4053.399902  9.92774e-01  1.92825e-02
4053.449951  9.83805e-01  1.91236e-02
4053.500000  9.54030e-01  1.88226e-02
4053.550049  9.50754e-01  1.86781e-02
4053.600098  9.62282e-01  1.87179e-02
4053.649902  9.65442e-01  1.87713e-02
4053.699951  9.55787e-01  1.87012e-02
4053.750000  9.42548e-01  1.84799e-02
4053.800049  9.45068e-01  1.85928e-02
4053.850098  9.72747e-01  1.88163e-02
4053.899902  9.72940e-01  1.88419e-02
4053.949951  9.63427e-01  1.88278e-02
4054.000000  9.98057e-01  1.94102e-02
4054.050049  1.00748e+00  1.95258e-02
4054.100098  9.97821e-01  1.93213e-02
4054.149902  9.87430e-01  1.91358e-02
4054.199951  9.93403e-01  1.92134e-02
4054.250000  9.76375e-01  1.89374e-02
4054.300049  9.62742e-01  1.89256e-02
4054.350098  9.68060e-01  1.88278e-02
4054.399902  9.72852e-01  1.88123e-02
4054.449951  9.62358e-01  1.86457e-02
4054.500000  9.70228e-01  1.87706e-02
4054.550049  9.59250e-01  1.86827e-02
4054.600098  9.98437e-01  1.91054e-02
4054.649902  9.88902e-01  1.91233e-02
4054.699951  9.56153e-01  1.87035e-02
4054.750000  9.71389e-01  1.89496e-02
4054.800049  9.72248e-01  1.89890e-02
4054.850098  9.37667e-01  1.86087e-02
4054.899902  9.49098e-01  1.86741e-02
4054.949951  9.69017e-01  1.89345e-02
4055.000000  9.66078e-01  1.87467e-02
4055.050049  9.58336e-01  1.87739e-02
4055.100098  9.86011e-01  1.91218e-02
4055.149902  9.68698e-01  1.89634e-02
4055.199951  9.91391e-01  1.92980e-02
4055.250000  9.99300e-01  1.93898e-02
4055.300049  9.58481e-01  1.87400e-02
4055.350098  9.73909e-01  1.88731e-02
4055.399902  9.94506e-01  1.91970e-02
4055.449951  9.84859e-01  1.91763e-02
4055.500000  9.82472e-01  1.91591e-02
4055.550049  9.94114e-01  1.92712e-02
4055.600098  9.86868e-01  1.91662e-02
4055.649902  9.80865e-01  1.91789e-02
4055.699951  9.71679e-01  1.90746e-02
4055.750000  9.79526e-01  1.91226e-02
4055.800049  9.71783e-01  1.89854e-02
4055.850098  9.53515e-01  1.86878e-02
4055.899902  9.23736e-01  1.83315e-02
4055.949951  9.19105e-01  1.81486e-02
4056.000000  8.97531e-01  1.78849e-02
4056.050049  9.15584e-01  1.80766e-02
4056.100098  9.30291e-01  1.82754e-02
4056.149902  9.37389e-01  1.83364e-02
4056.199951  9.12324e-01  1.80121e-02
4056.250000  8.87665e-01  1.77914e-02
4056.300049  8.76069e-01  1.79028e-02
4056.350098  8.64605e-01  1.77428e-02
4056.399902  8.84289e-01  1.78774e-02
4056.449951  9.05918e-01  1.80978e-02
4056.500000  8.80501e-01  1.78086e-02
4056.550049  8.23495e-01  1.70941e-02
4056.600098  8.39800e-01  1.72880e-02
4056.649902  8.56123e-01  1.73982e-02
4056.699951  8.34591e-01  1.70418e-02
4056.750000  8.65997e-01  1.73789e-02
4056.800049  8.77709e-01  1.76421e-02
4056.850098  8.56785e-01  1.75210e-02
4056.899902  8.59235e-01  1.77101e-02
4056.949951  9.27764e-01  1.84471e-02
4057.000000  9.38872e-01  1.85332e-02
4057.050049  9.49045e-01  1.86126e-02
4057.100098  9.48957e-01  1.85843e-02
4057.149902  9.56473e-01  1.87263e-02
4057.199951  9.90072e-01  1.91913e-02
4057.250000  1.06068e+00  2.04183e-02
4057.300049  1.07968e+00  2.05534e-02
4057.350098  9.82383e-01  1.90055e-02
4057.399902  9.86150e-01  1.91149e-02
4057.449951  9.60242e-01  1.88477e-02
4057.500000  9.75864e-01  1.88771e-02
4057.550049  9.74133e-01  1.89149e-02
4057.600098  9.85011e-01  1.90630e-02
4057.649902  9.91667e-01  1.91981e-02
4057.699951  9.41813e-01  1.85983e-02
4057.750000  9.44217e-01  1.87264e-02
4057.800049  9.85641e-01  1.92012e-02
4057.850098  9.79055e-01  1.90373e-02
4057.899902  1.04881e+00  2.02552e-02
4057.949951  1.02517e+00  1.99829e-02
4058.000000  9.41158e-01  1.86058e-02
4058.050049  9.72444e-01  1.90023e-02
4058.100098  9.86687e-01  1.91669e-02
4058.149902  9.89633e-01  1.91773e-02
4058.199951  1.01904e+00  1.96302e-02
4058.250000  1.02876e+00  1.97144e-02
4058.300049  1.00274e+00  1.92825e-02
4058.350098  1.01010e+00  1.92063e-02
4058.399902  9.79172e-01  1.89359e-02
4058.449951  9.75590e-01  1.88347e-02
4058.500000  9.69739e-01  1.87534e-02
4058.550049  9.53300e-01  1.85463e-02
4058.600098  9.69380e-01  1.87811e-02
4058.649902  9.89332e-01  1.90014e-02
4058.699951  9.88054e-01  1.88840e-02
4058.750000  9.68791e-01  1.86908e-02
4058.800049  9.43372e-01  1.84399e-02
4058.850098  9.22894e-01  1.82630e-02
4058.899902  9.26596e-01  1.84373e-02
4058.949951  9.07683e-01  1.82006e-02
4059.000000  9.01854e-01  1.81527e-02
4059.050049  8.89555e-01  1.79406e-02
4059.100098  8.72255e-01  1.76994e-02
4059.149902  8.52428e-01  1.75219e-02
4059.199951  8.06097e-01  1.69884e-02
4059.250000  8.28563e-01  1.72580e-02
4059.300049  8.41428e-01  1.73133e-02
4059.350098  8.06799e-01  1.68006e-02
4059.399902  8.10662e-01  1.67527e-02
4059.449951  8.34201e-01  1.72145e-02
4059.500000  8.93663e-01  1.79718e-02
4059.550049  9.71095e-01  1.92185e-02
4059.600098  1.01156e+00  1.95865e-02
4059.649902  9.74593e-01  1.91122e-02
4059.699951  9.74916e-01  1.90664e-02
4059.750000  9.48197e-01  1.88034e-02
4059.800049  9.64182e-01  1.88402e-02
4059.850098  9.71383e-01  1.90094e-02
4059.899902  1.00156e+00  1.92588e-02
4059.949951  9.78343e-01  1.89534e-02
4060.000000  9.71235e-01  1.89452e-02
4060.050049  9.50199e-01  1.87276e-02
4060.100098  9.34688e-01  1.85433e-02
4060.149902  8.82975e-01  1.80637e-02
4060.199951  7.77442e-01  1.67121e-02
4060.250000  7.60585e-01  1.65215e-02
4060.300049  8.40564e-01  1.75308e-02
4060.350098  9.13642e-01  1.84028e-02
4060.399902  9.39401e-01  1.88675e-02
4060.449951  9.57200e-01  1.89690e-02
4060.500000  9.42755e-01  1.87771e-02
4060.550049  8.89602e-01  1.80079e-02
4060.600098  8.54042e-01  1.75609e-02
4060.649902  8.89118e-01  1.79579e-02
4060.699951  9.41651e-01  1.87064e-02
4060.750000  9.66199e-01  1.90974e-02
4060.800049  9.54808e-01  1.90149e-02
4060.850098  9.47668e-01  1.88348e-02
4060.899902  9.91693e-01  1.93282e-02
4060.949951  9.63695e-01  1.89749e-02
4061.000000  9.65795e-01  1.91072e-02
4061.050049  9.84314e-01  1.93571e-02
4061.100098  9.86720e-01  1.94115e-02
4061.149902  9.61465e-01  1.91240e-02
4061.199951  9.63452e-01  1.91052e-02
4061.250000  9.70669e-01  1.92724e-02
4061.300049  9.64428e-01  1.91603e-02
4061.350098  9.76031e-01  1.92499e-02
4061.399902  9.76145e-01  1.92028e-02
4061.449951  9.94628e-01  1.93997e-02
4061.500000  9.57282e-01  1.89926e-02
4061.550049  9.50463e-01  1.89585e-02
4061.600098  9.83266e-01  1.92181e-02
4061.649902  9.93524e-01  1.93848e-02
4061.699951  9.56688e-01  1.90213e-02
4061.750000  9.98383e-01  1.95429e-02
4061.800049  9.98242e-01  1.95196e-02
4061.850098  9.69965e-01  1.93755e-02
4061.899902  9.65345e-01  1.92006e-02
4061.949951  9.42102e-01  1.89050e-02
4062.000000  9.58817e-01  1.92075e-02
4062.050049  9.88736e-01  1.96119e-02
4062.100098  9.95431e-01  1.95788e-02
4062.149902  9.94799e-01  1.96636e-02
4062.199951  9.88539e-01  1.94461e-02
4062.250000  9.59956e-01  1.91045e-02
4062.300049  9.48658e-01  1.89436e-02
4062.350098  9.31425e-01  1.88285e-02
4062.399902  9.28869e-01  1.88931e-02
4062.449951  8.99426e-01  1.85173e-02
4062.500000  8.64806e-01  1.81559e-02
4062.550049  8.36720e-01  1.78169e-02
4062.600098  8.67503e-01  1.81684e-02
4062.649902  8.40094e-01  1.78547e-02
4062.699951  8.20510e-01  1.76856e-02
4062.750000  8.27088e-01  1.77418e-02
4062.800049  8.30454e-01  1.76707e-02
4062.850098  8.27273e-01  1.75516e-02
4062.899902  8.23737e-01  1.74988e-02
4062.949951  8.49212e-01  1.78239e-02
4063.000000  8.50056e-01  1.80145e-02
4063.050049  8.69888e-01  1.82129e-02
4063.100098  8.49923e-01  1.79922e-02
4063.149902  8.66000e-01  1.82083e-02
4063.199951  8.51249e-01  1.81591e-02
4063.250000  8.00841e-01  1.73889e-02
4063.300049  7.32979e-01  1.65046e-02
4063.350098  6.83979e-01  1.58540e-02
4063.399902  5.80017e-01  1.44941e-02
4063.449951  5.49120e-01  1.40140e-02
4063.500000  4.96080e-01  1.33136e-02
4063.550049  4.77464e-01  1.29249e-02
4063.600098  4.78171e-01  1.27879e-02
4063.649902  5.22366e-01  1.34156e-02
4063.699951  5.75387e-01  1.42052e-02
4063.750000  5.92807e-01  1.46614e-02
4063.800049  6.11390e-01  1.49660e-02
4063.850098  6.44327e-01  1.54425e-02
4063.899902  6.56243e-01  1.57000e-02
4063.949951  6.73192e-01  1.58766e-02
4064.000000  7.00828e-01  1.61772e-02
4064.050049  7.23811e-01  1.65078e-02
4064.100098  7.19433e-01  1.64738e-02
4064.149902  7.04205e-01  1.62632e-02
4064.199951  6.83593e-01  1.59283e-02
4064.250000  6.49673e-01  1.55515e-02
4064.300049  6.33527e-01  1.55623e-02
4064.350098  5.05828e-01  1.35443e-02
4064.399902  3.63915e-01  1.12045e-02
4064.449951  2.56189e-01  9.33135e-03
4064.500000  1.73293e-01  7.62894e-03
4064.550049  9.74322e-02  5.85661e-03
4064.600098  6.99146e-02  5.14399e-03
4064.649902  3.67752e-02  4.33503e-03
4064.699951  2.07044e-02  3.97644e-03
4064.750000  1.64321e-02  3.65643e-03
4064.800049  1.67827e-02  3.46538e-03
4064.850098  2.09772e-02  3.45203e-03
4064.899902  2.47622e-02  3.73747e-03
4064.949951  3.00844e-02  4.06172e-03
4065.000000  4.80522e-02  4.63176e-03
4065.050049  1.00246e-01  6.20937e-03
4065.100098  1.69777e-01  7.79938e-03
4065.149902  2.27931e-01  8.97571e-03
4065.199951  3.28665e-01  1.07885e-02
4065.250000  3.97001e-01  1.18467e-02
4065.300049  4.47515e-01  1.28078e-02
4065.350098  4.72646e-01  1.30177e-02
4065.399902  4.25720e-01  1.22947e-02
4065.449951  3.70247e-01  1.14702e-02
4065.500000  3.89677e-01  1.17717e-02
4065.550049  4.83171e-01  1.31666e-02
4065.600098  5.11574e-01  1.35464e-02
4065.649902  5.27724e-01  1.37313e-02
4065.699951  5.42227e-01  1.40401e-02
4065.750000  5.16428e-01  1.38310e-02
4065.800049  4.50428e-01  1.29435e-02
4065.850098  3.17657e-01  1.09913e-02
4065.899902  2.15217e-01  9.14664e-03
4065.949951  2.34455e-01  9.50066e-03
4066.000000  2.96531e-01  1.05830e-02
4066.050049  3.57767e-01  1.15610e-02
4066.100098  3.88620e-01  1.19396e-02
4066.149902  4.05004e-01  1.23205e-02
4066.199951  3.82154e-01  1.19923e-02
4066.250000  3.45518e-01  1.12103e-02
4066.300049  2.93536e-01  1.03407e-02
4066.350098  2.15997e-01  9.03328e-03
4066.399902  1.91573e-01  8.54525e-03
4066.449951  1.78211e-01  8.38871e-03
4066.500000  1.40590e-01  7.77050e-03
4066.550049  1.21111e-01  7.00741e-03
4066.600098  1.22828e-01  7.11927e-03
4066.649902  1.22968e-01  7.21926e-03
4066.699951  1.24663e-01  7.16166e-03
4066.750000  1.41693e-01  7.76564e-03
4066.800049  1.58730e-01  8.33004e-03
4066.850098  1.81029e-01  8.97078e-03
4066.899902  2.57147e-01  1.01228e-02
4066.949951  3.45269e-01  1.14288e-02
4067.000000  4.85565e-01  1.34414e-02
4067.050049  5.46747e-01  1.44742e-02
4067.100098  5.61304e-01  1.45594e-02
4067.149902  4.88393e-01  1.35541e-02
4067.199951  3.94342e-01  1.21558e-02
4067.250000  3.07848e-01  1.07525e-02
4067.300049  2.37562e-01  9.39672e-03
4067.350098  1.86211e-01  8.35506e-03
4067.399902  1.20474e-01  7.03126e-03
4067.449951  1.05215e-01  6.66325e-03
4067.500000  1.03102e-01  6.58630e-03
4067.550049  1.03332e-01  6.48119e-03
4067.600098  9.75343e-02  6.48962e-03
4067.649902  8.90791e-02  6.32331e-03
4067.699951  9.29885e-02  6.30900e-03
4067.750000  1.13171e-01  6.56050e-03
4067.800049  1.08995e-01  6.59930e-03
4067.850098  9.17300e-02  6.34418e-03
4067.899902  8.03200e-02  6.01964e-03
4067.949951  1.01949e-01  6.42958e-03
4068.000000  1.28928e-01  7.07214e-03
4068.050049  1.75994e-01  8.04372e-03
4068.100098  2.09311e-01  8.64361e-03
4068.149902  2.18889e-01  8.75688e-03
4068.199951  1.61804e-01  7.73993e-03
4068.250000  1.00072e-01  6.50142e-03
4068.300049  8.00092e-02  5.93249e-03
4068.350098  9.83203e-02  6.30915e-03
4068.399902  1.72911e-01  7.67278e-03
4068.449951  2.44784e-01  9.01953e-03
4068.500000  2.35769e-01  8.96085e-03
4068.550049  2.03556e-01  8.52307e-03
4068.600098  1.88768e-01  8.35645e-03
4068.649902  2.65203e-01  9.64955e-03
4068.699951  4.17704e-01  1.18238e-02
4068.750000  4.51522e-01  1.24820e-02
4068.800049  4.19561e-01  1.20330e-02
4068.850098  4.27113e-01  1.21331e-02
4068.899902  4.84491e-01  1.29371e-02
4068.949951  4.96074e-01  1.31401e-02
4069.000000  4.90767e-01  1.30872e-02
4069.050049  5.33196e-01  1.36619e-02
4069.100098  5.69640e-01  1.38555e-02
4069.149902  5.65240e-01  1.36592e-02
4069.199951  6.29898e-01  1.44273e-02
4069.250000  7.79731e-01  1.64625e-02
4069.300049  8.38957e-01  1.73494e-02
4069.350098  9.15373e-01  1.83047e-02
4069.399902  9.38312e-01  1.84959e-02
4069.449951  9.27435e-01  1.83509e-02
4069.500000  9.31614e-01  1.83524e-02
4069.550049  9.23975e-01  1.82577e-02
4069.600098  9.23011e-01  1.82525e-02
4069.649902  8.50698e-01  1.73612e-02
4069.699951  8.23150e-01  1.70620e-02
4069.750000  7.89704e-01  1.66864e-02
4069.800049  8.45174e-01  1.71379e-02
4069.850098  9.10559e-01  1.78211e-02
4069.899902  9.35369e-01  1.81696e-02
4069.949951  9.45210e-01  1.81801e-02
4070.000000  9.24707e-01  1.80087e-02
4070.050049  8.93332e-01  1.74871e-02
4070.100098  8.90291e-01  1.74982e-02
4070.149902  8.74044e-01  1.72547e-02
4070.199951  8.60375e-01  1.70474e-02
4070.250000  8.52011e-01  1.68336e-02
4070.300049  7.98726e-01  1.63426e-02
4070.350098  8.08025e-01  1.63799e-02
4070.399902  7.98855e-01  1.63298e-02
4070.449951  7.84599e-01  1.61914e-02
4070.500000  7.96514e-01  1.64073e-02
4070.550049  7.88633e-01  1.62489e-02
4070.600098  8.00799e-01  1.64463e-02
4070.649902  8.21635e-01  1.66082e-02
4070.699951  8.32727e-01  1.66619e-02
4070.750000  7.89229e-01  1.61483e-02
4070.800049  7.53571e-01  1.56764e-02
4070.850098  6.93585e-01  1.50861e-02
4070.899902  6.81191e-01  1.49281e-02
4070.949951  7.62349e-01  1.59907e-02
4071.000000  8.56793e-01  1.69117e-02
4071.050049  8.87853e-01  1.72610e-02
4071.100098  8.92012e-01  1.72879e-02
4071.149902  8.92671e-01  1.74032e-02
4071.199951  8.90837e-01  1.73934e-02
4071.250000  8.73141e-01  1.72520e-02
4071.300049  8.45696e-01  1.69021e-02
4071.350098  8.65876e-01  1.70901e-02
4071.399902  8.43982e-01  1.67058e-02
4071.449951  8.70925e-01  1.69253e-02
4071.500000  9.01689e-01  1.72920e-02
4071.550049  8.92098e-01  1.72121e-02
4071.600098  9.04126e-01  1.74872e-02
4071.649902  9.10742e-01  1.75941e-02
4071.699951  9.39887e-01  1.78728e-02
4071.750000  9.60883e-01  1.81102e-02
4071.800049  9.85781e-01  1.82799e-02
4071.850098  1.02942e+00  1.88862e-02
4071.899902  1.03647e+00  1.90271e-02
4071.949951  9.97969e-01  1.82780e-02
4072.000000  9.54547e-01  1.77783e-02
4072.050049  9.70959e-01  1.80062e-02
4072.100098  9.86231e-01  1.82475e-02
4072.149902  9.80515e-01  1.81135e-02
4072.199951  9.71177e-01  1.81074e-02
4072.250000  9.56767e-01  1.79139e-02
4072.300049  9.64275e-01  1.79853e-02
4072.350098  9.58061e-01  1.78864e-02
4072.399902  9.62779e-01  1.79806e-02
4072.449951  1.00526e+00  1.84162e-02
4072.500000  1.00596e+00  1.85521e-02
4072.550049  1.00206e+00  1.85033e-02
4072.600098  9.85188e-01  1.83831e-02
4072.649902  9.88489e-01  1.82395e-02
4072.699951  1.03305e+00  1.88305e-02
4072.750000  1.03941e+00  1.89690e-02
4072.800049  1.05239e+00  1.88892e-02
4072.850098  1.01583e+00  1.84218e-02
4072.899902  9.65549e-01  1.78415e-02
4072.949951  9.64024e-01  1.78816e-02
4073.000000  9.61311e-01  1.77914e-02
4073.050049  9.81266e-01  1.80785e-02
4073.100098  9.83410e-01  1.80596e-02
4073.149902  9.38325e-01  1.77803e-02
4073.199951  9.53681e-01  1.79591e-02
4073.250000  9.59696e-01  1.80782e-02
4073.300049  9.52731e-01  1.78987e-02
4073.350098  9.45989e-01  1.78072e-02
4073.399902  9.27309e-01  1.75915e-02
4073.449951  9.59432e-01  1.79589e-02
4073.500000  9.77056e-01  1.81950e-02
4073.550049  9.54119e-01  1.80162e-02
4073.600098  9.65794e-01  1.80567e-02
4073.649902  9.50472e-01  1.77958e-02
4073.699951  9.74045e-01  1.80609e-02
4073.750000  9.97435e-01  1.84130e-02
4073.800049  9.91271e-01  1.83932e-02
4073.850098  9.66268e-01  1.82668e-02
4073.899902  9.72440e-01  1.82388e-02
4073.949951  9.77224e-01  1.82564e-02
4074.000000  9.46346e-01  1.79580e-02
4074.050049  9.68521e-01  1.81851e-02
4074.100098  9.85127e-01  1.84020e-02
4074.149902  9.52731e-01  1.81123e-02
4074.199951  9.32803e-01  1.79455e-02
4074.250000  9.67728e-01  1.82845e-02
4074.300049  9.62769e-01  1.81798e-02
4074.350098  9.52462e-01  1.79895e-02
4074.399902  9.57588e-01  1.80909e-02
4074.449951  9.39906e-01  1.78363e-02
4074.500000  9.42252e-01  1.78737e-02
4074.550049  9.64197e-01  1.80814e-02
4074.600098  9.88272e-01  1.83871e-02
4074.649902  9.54253e-01  1.80209e-02
4074.699951  9.33426e-01  1.78623e-02
4074.750000  8.81701e-01  1.72153e-02
4074.800049  9.02196e-01  1.75076e-02
4074.850098  9.03134e-01  1.74621e-02
4074.899902  9.00800e-01  1.73618e-02
4074.949951  9.13022e-01  1.75072e-02
4075.000000  9.23840e-01  1.76571e-02
4075.050049  9.31585e-01  1.78118e-02
4075.100098  9.55228e-01  1.80717e-02
4075.149902  9.04082e-01  1.76266e-02
4075.199951  8.67851e-01  1.71847e-02
4075.250000  8.87606e-01  1.74023e-02
4075.300049  8.57405e-01  1.69947e-02
4075.350098  8.40971e-01  1.68156e-02
4075.399902  8.01037e-01  1.64146e-02
4075.449951  8.15369e-01  1.65490e-02
4075.500000  7.90830e-01  1.62287e-02
4075.550049  7.83667e-01  1.62297e-02
4075.600098  7.78894e-01  1.62117e-02
4075.649902  7.89826e-01  1.63197e-02
4075.699951  8.05585e-01  1.64806e-02
4075.750000  8.41861e-01  1.69130e-02
4075.800049  8.34512e-01  1.66692e-02
4075.850098  8.67993e-01  1.70834e-02
4075.899902  8.96478e-01  1.72731e-02
4075.949951  9.22576e-01  1.75562e-02
4076.000000  9.17061e-01  1.75319e-02
4076.050049  9.10832e-01  1.75548e-02
4076.100098  9.04437e-01  1.75561e-02
4076.149902  8.60610e-01  1.71364e-02
4076.199951  8.74387e-01  1.73325e-02
4076.250000  8.56488e-01  1.69904e-02
4076.300049  8.07680e-01  1.64317e-02
4076.350098  7.64901e-01  1.60699e-02
4076.399902  7.99161e-01  1.64723e-02
4076.449951  7.55729e-01  1.59942e-02
4076.500000  7.45259e-01  1.59386e-02
4076.550049  7.64509e-01  1.61861e-02
4076.600098  7.68581e-01  1.62205e-02
4076.649902  8.03463e-01  1.65690e-02
4076.699951  8.78100e-01  1.75623e-02
4076.750000  9.21009e-01  1.79680e-02
4076.800049  9.22944e-01  1.80164e-02
4076.850098  9.24513e-01  1.79637e-02
4076.899902  9.12909e-01  1.78617e-02
4076.949951  9.08170e-01  1.77828e-02
4077.000000  8.84502e-01  1.75655e-02
4077.050049  8.74740e-01  1.73744e-02
4077.100098  8.79864e-01  1.73497e-02
4077.149902  8.85097e-01  1.74622e-02
4077.199951  8.23726e-01  1.67173e-02
4077.250000  8.10523e-01  1.66316e-02
4077.300049  8.09500e-01  1.67001e-02
4077.350098  8.14975e-01  1.67074e-02
4077.399902  8.20806e-01  1.68661e-02
4077.449951  8.24702e-01  1.70039e-02
4077.500000  8.20971e-01  1.70431e-02
4077.550049  8.13085e-01  1.70522e-02
4077.600098  7.91997e-01  1.67894e-02
4077.649902  7.37618e-01  1.62933e-02
4077.699951  7.29900e-01  1.61743e-02
4077.750000  7.58715e-01  1.63403e-02
4077.800049  7.42785e-01  1.58451e-02
4077.850098  7.29674e-01  1.56115e-02
4077.899902  7.23800e-01  1.55022e-02
4077.949951  7.57149e-01  1.58099e-02
4078.000000  7.67529e-01  1.58833e-02
4078.050049  7.76912e-01  1.61256e-02
4078.100098  8.08409e-01  1.65386e-02
4078.149902  7.85272e-01  1.63254e-02
4078.199951  8.11765e-01  1.65819e-02
4078.250000  7.47461e-01  1.58247e-02
4078.300049  6.70999e-01  1.49642e-02
4078.350098  5.83132e-01  1.39169e-02
4078.399902  4.77665e-01  1.24740e-02
4078.449951  3.56286e-01  1.07269e-02
4078.500000  2.74909e-01  9.47620e-03
4078.550049  2.28223e-01  8.69854e-03
4078.600098  2.01698e-01  8.22331e-03
4078.649902  1.98049e-01  8.18146e-03
4078.699951  1.96002e-01  8.18020e-03
4078.750000  2.36671e-01  8.67995e-03
4078.800049  2.80983e-01  9.31000e-03
4078.850098  3.59175e-01  1.04366e-02
4078.899902  3.99283e-01  1.10190e-02
4078.949951  4.69530e-01  1.19974e-02
4079.000000  5.30565e-01  1.28671e-02
4079.050049  5.40839e-01  1.31437e-02
4079.100098  5.32004e-01  1.30372e-02
4079.149902  4.86840e-01  1.24372e-02
4079.199951  4.09845e-01  1.14484e-02
4079.250000  2.83293e-01  9.58442e-03
4079.300049  2.04399e-01  8.17258e-03
4079.350098  1.46599e-01  7.26526e-03
4079.399902  9.46289e-02  6.29164e-03
4079.449951  4.77428e-02  5.02816e-03
4079.500000  2.74326e-02  4.32075e-03
4079.550049  1.70079e-02  4.03171e-03
4079.600098  6.36587e-03  3.76411e-03
4079.649902  7.33501e-03  3.98593e-03
4079.699951  1.31621e-02  4.14376e-03
4079.750000  7.21192e-03  4.06708e-03
4079.800049  1.66441e-02  4.31726e-03
4079.850098  2.35479e-02  4.47927e-03
4079.899902  2.15152e-02  4.60410e-03
4079.949951  3.95440e-02  5.14397e-03
4080.000000  6.49246e-02  5.66267e-03
4080.050049  1.10722e-01  6.75601e-03
4080.100098  1.64334e-01  7.73237e-03
4080.149902  2.25418e-01  8.76929e-03
4080.199951  2.94622e-01  9.75415e-03
4080.250000  3.34440e-01  1.03518e-02
4080.300049  3.70729e-01  1.08861e-02
4080.350098  4.15135e-01  1.13936e-02
4080.399902  4.11673e-01  1.11759e-02
4080.449951  4.24952e-01  1.14406e-02
4080.500000  4.73101e-01  1.20911e-02
4080.550049  4.87062e-01  1.22273e-02
4080.600098  5.34790e-01  1.28911e-02
4080.649902  5.95994e-01  1.37854e-02
4080.699951  6.03676e-01  1.40227e-02
4080.750000  6.48786e-01  1.46877e-02
4080.800049  6.77302e-01  1.51996e-02
4080.850098  7.31276e-01  1.57841e-02
4080.899902  7.53227e-01  1.60126e-02
4080.949951  7.82960e-01  1.63402e-02
4081.000000  8.17017e-01  1.66081e-02
4081.050049  8.28775e-01  1.67546e-02
4081.100098  8.82812e-01  1.74338e-02
4081.149902  8.96702e-01  1.75766e-02
4081.199951  8.98202e-01  1.77805e-02
4081.250000  9.31349e-01  1.83919e-02
4081.300049  9.03528e-01  1.79103e-02
4081.350098  8.74613e-01  1.73826e-02
4081.399902  8.71468e-01  1.73401e-02
4081.449951  9.16438e-01  1.77363e-02
4081.500000  9.12254e-01  1.77707e-02
4081.550049  9.22792e-01  1.79694e-02
4081.600098  9.32761e-01  1.81813e-02
4081.649902  9.37167e-01  1.82878e-02
4081.699951  9.63121e-01  1.85748e-02
4081.750000  9.64636e-01  1.85403e-02
4081.800049  9.66394e-01  1.86044e-02
4081.850098  9.87226e-01  1.87981e-02
4081.899902  1.00988e+00  1.91324e-02
4081.949951  1.04585e+00  2.00222e-02
4082.000000  1.02432e+00  1.95420e-02
4082.050049  9.94762e-01  1.86457e-02
4082.100098  9.75907e-01  1.84850e-02
4082.149902  9.97233e-01  1.88545e-02
4082.199951  9.97785e-01  1.90767e-02
4082.250000  9.84028e-01  1.89179e-02
4082.300049  1.00946e+00  1.89910e-02
4082.350098  9.73488e-01  1.86532e-02
4082.399902  9.34878e-01  1.81354e-02
4082.449951  9.51224e-01  1.82807e-02
4082.500000  9.07693e-01  1.77966e-02
4082.550049  9.26209e-01  1.80676e-02
4082.600098  8.98267e-01  1.77236e-02
4082.649902  8.72904e-01  1.75494e-02
4082.699951  8.78522e-01  1.76526e-02
4082.750000  8.76559e-01  1.76731e-02
4082.800049  8.50752e-01  1.72929e-02
4082.850098  8.43466e-01  1.71843e-02
4082.899902  8.39531e-01  1.70909e-02
4082.949951  8.44251e-01  1.71221e-02
4083.000000  8.17221e-01  1.68128e-02
4083.050049  8.15214e-01  1.67828e-02
4083.100098  8.49161e-01  1.72269e-02
4083.149902  8.86581e-01  1.76190e-02
4083.199951  8.29572e-01  1.69853e-02
4083.250000  7.89379e-01  1.65054e-02
4083.300049  8.29530e-01  1.69260e-02
4083.350098  8.26907e-01  1.67345e-02
4083.399902  8.32968e-01  1.69297e-02
4083.449951  8.11535e-01  1.67472e-02
4083.500000  8.31729e-01  1.69208e-02
4083.550049  8.42902e-01  1.69181e-02
4083.600098  8.67041e-01  1.72015e-02
4083.649902  8.88726e-01  1.74165e-02
4083.699951  8.78009e-01  1.74095e-02
4083.750000  9.14366e-01  1.77944e-02
4083.800049  9.10629e-01  1.79143e-02
4083.850098  9.18889e-01  1.79313e-02
4083.899902  9.47648e-01  1.82688e-02
4083.949951  9.51842e-01  1.83389e-02
4084.000000  9.34341e-01  1.81514e-02
4084.050049  9.25268e-01  1.79698e-02
4084.100098  9.07482e-01  1.76602e-02
4084.149902  9.26576e-01  1.79073e-02
4084.199951  8.89678e-01  1.76185e-02
4084.250000  8.28821e-01  1.69194e-02
4084.300049  7.90646e-01  1.66196e-02
4084.350098  7.54716e-01  1.62513e-02
4084.399902  7.39223e-01  1.60545e-02
4084.449951  7.01798e-01  1.58881e-02
4084.500000  6.67197e-01  1.56855e-02
4084.550049  6.48678e-01  1.61883e-02
4084.600098  6.45409e-01  1.61489e-02
4084.649902  6.33555e-01  1.60345e-02
4084.699951  6.30174e-01  1.56997e-02
4084.750000  6.47701e-01  1.58141e-02
4084.800049  6.86050e-01  1.61850e-02
4084.850098  6.86900e-01  1.62158e-02
4084.899902  6.72919e-01  1.59171e-02
4084.949951  6.82334e-01  1.61882e-02
4085.000000  7.16773e-01  1.66808e-02
4085.050049  7.20286e-01  1.68583e-02
4085.100098  7.28255e-01  1.70138e-02
4085.149902  7.74733e-01  1.76939e-02
4085.199951  8.10465e-01  1.81426e-02
4085.250000  8.33766e-01  1.83607e-02
4085.300049  8.75402e-01  1.89298e-02
4085.350098  9.21513e-01  1.95174e-02
4085.399902  8.92936e-01  1.91076e-02
4085.449951  9.12055e-01  1.93565e-02
4085.500000  9.49000e-01  1.97421e-02
4085.550049  9.64706e-01  1.98858e-02
4085.600098  9.43381e-01  1.95466e-02
4085.649902  9.43435e-01  1.94491e-02
4085.699951  9.28743e-01  1.92485e-02
4085.750000  9.04673e-01  1.87075e-02
4085.800049  8.53813e-01  1.82496e-02
4085.850098  8.11052e-01  1.77193e-02
4085.899902  7.75904e-01  1.73349e-02
4085.949951  7.62591e-01  1.70955e-02
4086.000000  7.71855e-01  1.72385e-02
4086.050049  8.01827e-01  1.75944e-02
4086.100098  8.30997e-01  1.79174e-02
4086.149902  8.25855e-01  1.77722e-02
4086.199951  8.57865e-01  1.82916e-02
4086.250000  8.88045e-01  1.85706e-02
4086.300049  8.74471e-01  1.84006e-02
4086.350098  8.62419e-01  1.81525e-02
4086.399902  8.53050e-01  1.79457e-02
4086.449951  8.44484e-01  1.77747e-02
4086.500000  8.32137e-01  1.76245e-02
4086.550049  7.54336e-01  1.67634e-02
4086.600098  6.60325e-01  1.55693e-02
4086.649902  5.57738e-01  1.41753e-02
4086.699951  4.91003e-01  1.32481e-02
4086.750000  3.98171e-01  1.18423e-02
4086.800049  3.44496e-01  1.10663e-02
4086.850098  2.40044e-01  9.40998e-03
4086.899902  2.07742e-01  8.81632e-03
4086.949951  1.68411e-01  8.03219e-03
4087.000000  1.50729e-01  7.52764e-03
4087.050049  1.49837e-01  7.52395e-03
4087.100098  1.53110e-01  7.61911e-03
4087.149902  1.63740e-01  7.75847e-03
4087.199951  1.63108e-01  7.70015e-03
4087.250000  1.65082e-01  7.79998e-03
4087.300049  2.01631e-01  8.47058e-03
4087.350098  2.31394e-01  9.07916e-03
4087.399902  3.15782e-01  1.04111e-02
4087.449951  4.06855e-01  1.17793e-02
4087.500000  5.16143e-01  1.32902e-02
4087.550049  5.99518e-01  1.46294e-02
4087.600098  7.03492e-01  1.60640e-02
4087.649902  7.73842e-01  1.70230e-02
4087.699951  8.59768e-01  1.80724e-02
4087.750000  8.59744e-01  1.80568e-02
4087.800049  8.75044e-01  1.82381e-02
4087.850098  8.37356e-01  1.77187e-02
4087.899902  8.00282e-01  1.73160e-02
4087.949951  8.55515e-01  1.80260e-02
4088.000000  9.23404e-01  1.88345e-02
4088.050049  9.11886e-01  1.85601e-02
4088.100098  9.00068e-01  1.84221e-02
4088.149902  8.81679e-01  1.82083e-02
4088.199951  8.07262e-01  1.73449e-02
4088.250000  7.60561e-01  1.65763e-02
4088.300049  7.12078e-01  1.60114e-02
4088.350098  6.78403e-01  1.55262e-02
4088.399902  6.48939e-01  1.51967e-02
4088.449951  6.56453e-01  1.51753e-02
4088.500000  6.60534e-01  1.53096e-02
4088.550049  6.60108e-01  1.53574e-02
4088.600098  6.62495e-01  1.53933e-02
4088.649902  6.50262e-01  1.52053e-02
4088.699951  6.08574e-01  1.46950e-02
4088.750000  6.32481e-01  1.49067e-02
4088.800049  6.64740e-01  1.54003e-02
4088.850098  7.28942e-01  1.61576e-02
4088.899902  7.73949e-01  1.67758e-02
4088.949951  8.02331e-01  1.70355e-02
4089.000000  8.32520e-01  1.74292e-02
4089.050049  8.49792e-01  1.76297e-02
4089.100098  8.50888e-01  1.76266e-02
4089.149902  8.62198e-01  1.78642e-02
4089.199951  8.80936e-01  1.81114e-02
4089.250000  8.85497e-01  1.81579e-02
4089.300049  8.70722e-01  1.79673e-02
4089.350098  8.73487e-01  1.79429e-02
4089.399902  8.64306e-01  1.78640e-02
4089.449951  8.62621e-01  1.78618e-02
4089.500000  8.75604e-01  1.80208e-02
4089.550049  8.17489e-01  1.73395e-02
4089.600098  6.26963e-01  1.47982e-02
4089.649902  4.39221e-01  1.21214e-02
4089.699951  4.72471e-01  1.25877e-02
4089.750000  6.89207e-01  1.55538e-02
4089.800049  8.63434e-01  1.77299e-02
4089.850098  9.14151e-01  1.83024e-02
4089.899902  9.06366e-01  1.82162e-02
4089.949951  8.50160e-01  1.75305e-02
4090.000000  8.85018e-01  1.79808e-02
4090.050049  9.54645e-01  1.88853e-02
4090.100098  9.75371e-01  1.91066e-02
4090.149902  1.00573e+00  1.94173e-02
4090.199951  9.66933e-01  1.89903e-02
4090.250000  9.63149e-01  1.89179e-02
4090.300049  9.81584e-01  1.92066e-02
4090.350098  9.66677e-01  1.88838e-02
4090.399902  9.45043e-01  1.87216e-02
4090.449951  9.27380e-01  1.85291e-02
4090.500000  9.65696e-01  1.91498e-02
4090.550049  9.93751e-01  1.94353e-02
4090.600098  9.72788e-01  1.91636e-02
4090.649902  9.50301e-01  1.89112e-02
4090.699951  9.73085e-01  1.91589e-02
4090.750000  9.41486e-01  1.87214e-02
4090.800049  8.88648e-01  1.81324e-02
4090.850098  8.90249e-01  1.80531e-02
4090.899902  8.89386e-01  1.81290e-02
4090.949951  8.86680e-01  1.80047e-02
4091.000000  8.68289e-01  1.77705e-02
4091.050049  8.54899e-01  1.75909e-02
4091.100098  8.33369e-01  1.73113e-02
4091.149902  8.27360e-01  1.71871e-02
4091.199951  7.96404e-01  1.66998e-02
4091.250000  7.80281e-01  1.65652e-02
4091.300049  7.99432e-01  1.67487e-02
4091.350098  8.07358e-01  1.68522e-02
4091.399902  8.05330e-01  1.68870e-02
4091.449951  8.12869e-01  1.70063e-02
4091.500000  8.36035e-01  1.72514e-02
4091.550049  8.63791e-01  1.76619e-02
4091.600098  9.14600e-01  1.82387e-02
4091.649902  9.44164e-01  1.86199e-02
4091.699951  9.53868e-01  1.86945e-02
4091.750000  9.71022e-01  1.89276e-02
4091.800049  9.99171e-01  1.92527e-02
4091.850098  1.00825e+00  1.93937e-02
4091.899902  1.01234e+00  1.94158e-02
4091.949951  1.00051e+00  1.93013e-02
4092.000000  1.01990e+00  1.94786e-02
4092.050049  9.95442e-01  1.92402e-02
4092.100098  9.47936e-01  1.86280e-02
4092.149902  8.11968e-01  1.69595e-02
4092.199951  6.77948e-01  1.52505e-02
4092.250000  6.97972e-01  1.56277e-02
4092.300049  7.69168e-01  1.65454e-02
4092.350098  8.34285e-01  1.73206e-02
4092.399902  8.98299e-01  1.81504e-02
4092.449951  9.40593e-01  1.86119e-02
4092.500000  9.55544e-01  1.88287e-02
4092.550049  9.70699e-01  1.89730e-02
4092.600098  9.54068e-01  1.88183e-02
4092.649902  9.40221e-01  1.86527e-02
4092.699951  9.24928e-01  1.83809e-02
4092.750000  8.77384e-01  1.76198e-02
4092.800049  8.71598e-01  1.76362e-02
4092.850098  8.33595e-01  1.72375e-02
4092.899902  8.03409e-01  1.70162e-02
4092.949951  7.85677e-01  1.68064e-02
4093.000000  7.60512e-01  1.65535e-02
4093.050049  7.18603e-01  1.58611e-02
4093.100098  6.66867e-01  1.52230e-02
4093.149902  6.13736e-01  1.45010e-02
4093.199951  6.07852e-01  1.44016e-02
4093.250000  6.36613e-01  1.47760e-02
4093.300049  6.50081e-01  1.50289e-02
4093.350098  6.77936e-01  1.53369e-02
4093.399902  6.92598e-01  1.55003e-02
4093.449951  6.48482e-01  1.48619e-02
4093.500000  5.78601e-01  1.37530e-02
4093.550049  5.10887e-01  1.27707e-02
4093.600098  4.49807e-01  1.18908e-02
4093.649902  3.97622e-01  1.12653e-02
4093.699951  3.68119e-01  1.09042e-02
4093.750000  3.28950e-01  1.04598e-02
4093.800049  3.74304e-01  1.08876e-02
4093.850098  3.40829e-01  1.03243e-02
4093.899902  2.87470e-01  9.49807e-03
4093.949951  2.71195e-01  9.22770e-03
4094.000000  2.76017e-01  9.38217e-03
4094.050049  2.90599e-01  9.70542e-03
4094.100098  3.38244e-01  1.04568e-02
4094.149902  3.28435e-01  1.03337e-02
4094.199951  3.18959e-01  1.02107e-02
4094.250000  3.30925e-01  1.04250e-02
4094.300049  3.84112e-01  1.11725e-02
4094.350098  4.14575e-01  1.16997e-02
4094.399902  4.85201e-01  1.27092e-02
4094.449951  5.19508e-01  1.32215e-02
4094.500000  4.44447e-01  1.21789e-02
4094.550049  3.56192e-01  1.08552e-02
4094.600098  3.28087e-01  1.04447e-02
4094.649902  3.01948e-01  1.00066e-02
4094.699951  3.82149e-01  1.12572e-02
4094.750000  5.14042e-01  1.31337e-02
4094.800049  4.96570e-01  1.30419e-02
4094.850098  4.45285e-01  1.23339e-02
4094.899902  4.17111e-01  1.19570e-02
4094.949951  5.04301e-01  1.31116e-02
4095.000000  5.94598e-01  1.42960e-02
4095.050049  6.69715e-01  1.52591e-02
4095.100098  6.82475e-01  1.54031e-02
4095.149902  6.82639e-01  1.53023e-02
4095.199951  6.88022e-01  1.54653e-02
4095.250000  6.86769e-01  1.54517e-02
4095.300049  7.55475e-01  1.64210e-02
4095.350098  7.18257e-01  1.58573e-02
4095.399902  7.24922e-01  1.59934e-02
4095.449951  7.03742e-01  1.56705e-02
4095.500000  7.15126e-01  1.58723e-02
4095.550049  7.30414e-01  1.60424e-02
4095.600098  7.25244e-01  1.59565e-02
4095.649902  7.06855e-01  1.57317e-02
4095.699951  7.25349e-01  1.59416e-02
4095.750000  7.06025e-01  1.57663e-02
4095.800049  6.96381e-01  1.56257e-02
4095.850098  7.06807e-01  1.58010e-02
4095.899902  7.28621e-01  1.60109e-02
4095.949951  7.46367e-01  1.61617e-02
4096.000000  7.20628e-01  1.58561e-02
4096.049805  7.20773e-01  1.57491e-02
4096.100098  7.65061e-01  1.62130e-02
4096.149902  8.07482e-01  1.68653e-02
4096.200195  8.48806e-01  1.73260e-02
4096.250000  8.82669e-01  1.78561e-02
4096.299805  9.13111e-01  1.81413e-02
4096.350098  9.27109e-01  1.84833e-02
4096.399902  9.55255e-01  1.87387e-02
4096.450195  9.65863e-01  1.89274e-02
4096.500000  9.55200e-01  1.87601e-02
4096.549805  9.56622e-01  1.87383e-02
4096.600098  9.72058e-01  1.89706e-02
4096.649902  9.80018e-01  1.91173e-02
4096.700195  9.47877e-01  1.87110e-02
4096.750000  9.33766e-01  1.85818e-02
4096.799805  9.35947e-01  1.86385e-02
4096.850098  9.29913e-01  1.86128e-02
4096.899902  8.81110e-01  1.80107e-02
4096.950195  8.51462e-01  1.76382e-02
4097.000000  8.02123e-01  1.71273e-02
4097.049805  7.13771e-01  1.58398e-02
4097.100098  6.17968e-01  1.45564e-02
4097.149902  4.76468e-01  1.24971e-02
4097.200195  3.35382e-01  1.03130e-02
4097.250000  2.47308e-01  8.88347e-03
4097.299805  1.71519e-01  7.37571e-03
4097.350098  1.16403e-01  6.27316e-03
4097.399902  8.04910e-02  5.55599e-03
4097.450195  5.23423e-02  4.94951e-03
4097.500000  2.56849e-02  4.37089e-03
4097.549805  2.30956e-02  4.29160e-03
4097.600098  8.25781e-03  3.97530e-03
4097.649902  4.88963e-03  3.70741e-03
4097.700195  6.23863e-03  3.67037e-03
4097.750000  8.36638e-03  3.74874e-03
4097.799805  7.80071e-03  3.65952e-03
4097.850098  7.24788e-03  3.57756e-03
4097.899902  1.43708e-02  3.73989e-03
4097.950195  1.13105e-02  3.73646e-03
4098.000000  2.17194e-02  4.05962e-03
4098.049805  3.31542e-02  4.46669e-03
4098.100098  4.99058e-02  4.84024e-03
4098.149902  9.45297e-02  5.93889e-03
4098.200195  1.80625e-01  7.81854e-03
4098.250000  2.17055e-01  8.43197e-03
4098.299805  2.98627e-01  9.97500e-03
4098.350098  4.09677e-01  1.17514e-02
4098.399902  4.86386e-01  1.29303e-02
4098.450195  5.69386e-01  1.42236e-02
4098.500000  6.49451e-01  1.55046e-02
4098.549805  7.12327e-01  1.61697e-02
4098.600098  7.77233e-01  1.69402e-02
4098.649902  7.91930e-01  1.71678e-02
4098.700195  8.23959e-01  1.75249e-02
4098.750000  8.48918e-01  1.79646e-02
4098.799805  8.52287e-01  1.79614e-02
4098.850098  8.75367e-01  1.81223e-02
4098.899902  8.52539e-01  1.79691e-02
4098.950195  8.76894e-01  1.82820e-02
4099.000000  8.86274e-01  1.85908e-02
4099.049805  8.87338e-01  1.83749e-02
4099.100098  9.19178e-01  1.89960e-02
4099.149902  9.51089e-01  1.94080e-02
4099.200195  9.67125e-01  1.97290e-02
4099.250000  8.69701e-01  1.80879e-02
4099.299805  8.79853e-01  1.80899e-02
4099.350098  9.13812e-01  1.84695e-02
4099.399902  9.17075e-01  1.84969e-02
4099.450195  9.10910e-01  1.85913e-02
4099.500000  9.37214e-01  1.88982e-02
4099.549805  9.42243e-01  1.90872e-02
4099.600098  9.59980e-01  1.91791e-02
4099.649902  9.42876e-01  1.91409e-02
4099.700195  9.68778e-01  1.91513e-02
4099.750000  9.82005e-01  1.93503e-02
4099.799805  1.00148e+00  1.96005e-02
4099.850098  1.00689e+00  1.98617e-02
4099.899902  1.02684e+00  2.01060e-02
4099.950195  9.93196e-01  1.97411e-02
4100.000000  9.96518e-01  1.98137e-02
4100.049805  9.93621e-01  1.97748e-02
4100.100098  9.98749e-01  1.99087e-02
4100.149902  1.02983e+00  2.00970e-02
4100.200195  1.00831e+00  1.98923e-02
4100.250000  1.02541e+00  2.01845e-02
