5018.500210 0.981478 0.003907
5018.519388 0.997150 0.003939
5018.538563 0.999357 0.003945
5018.557736 1.001022 0.003949
5018.576907 0.997327 0.003943
5018.596075 1.003970 0.003957
5018.615241 0.996528 0.003944
5018.634404 0.998307 0.003948
5018.653566 0.989354 0.003932
5018.672724 0.990460 0.003935
5018.691881 0.991615 0.003939
5018.711035 0.987825 0.003932
5018.730187 0.969668 0.003897
5018.749337 0.963229 0.003885
5018.768484 0.935642 0.003831
5018.787629 0.895297 0.003748
5018.806772 0.811710 0.003570
5018.825912 0.707080 0.003333
5018.845050 0.587232 0.003038
5018.864185 0.477007 0.002739
5018.883319 0.407508 0.002533
5018.902450 0.411883 0.002547
5018.921578 0.483583 0.002761
5018.940705 0.590077 0.003050
5018.959828 0.697285 0.003317
5018.978950 0.779002 0.003507
5018.998069 0.824217 0.003608
5019.017186 0.859847 0.003687
5019.036301 0.882171 0.003735
5019.055413 0.902609 0.003780
5019.074523 0.908693 0.003793
5019.093631 0.911157 0.003800
5019.112736 0.913259 0.003805
5019.131839 0.913397 0.003807
5019.150940 0.924697 0.003831
5019.170038 0.929307 0.003842
5019.189134 0.931746 0.003848
5019.208228 0.941283 0.003869
5019.227319 0.939516 0.003867
5019.246408 0.934228 0.003857
5019.265495 0.927532 0.003845
5019.284580 0.924511 0.003839
5019.303662 0.919701 0.003831
5019.322741 0.912952 0.003818
5019.341819 0.910749 0.003814
5019.360894 0.902230 0.003798
5019.379966 0.899586 0.003793
5019.399037 0.895467 0.003786
5019.418105 0.898823 0.003794
5019.437171 0.898754 0.003795
5019.456234 0.893634 0.003786
5019.475295 0.873071 0.003743
5019.494354 0.854008 0.003703
5019.513410 0.811046 0.003610
5019.532464 0.735199 0.003438
5019.551516 0.650326 0.003235
5019.570565 0.564878 0.003016
5019.589612 0.507993 0.002861
5019.608657 0.497005 0.002830
5019.627700 0.511633 0.002873
5019.646740 0.524699 0.002910
5019.665777 0.507500 0.002863
5019.684813 0.456665 0.002717
5019.703846 0.387297 0.002503
5019.722877 0.321172 0.002280
5019.741905 0.279606 0.002128
5019.760931 0.270991 0.002095
5019.779955 0.296088 0.002191
5019.798976 0.357609 0.002409
5019.817995 0.446663 0.002693
5019.837012 0.552096 0.002995
5019.856027 0.652775 0.003258
5019.875039 0.728683 0.003443
5019.894049 0.790676 0.003588
5019.913056 0.841318 0.003702
5019.932061 0.875418 0.003777
5019.951064 0.904003 0.003840
5019.970064 0.923486 0.003882
5019.989062 0.945070 0.003929
5020.008058 0.945912 0.003932
5020.027052 0.960165 0.003963
5020.046043 0.967189 0.003978
5020.065032 0.970833 0.003987
5020.084018 0.985690 0.004019
5020.103002 0.986860 0.004023
5020.121984 0.988803 0.004028
5020.140963 0.964462 0.003979
5020.159941 0.986209 0.004025
5020.178915 0.992514 0.004040
5020.197888 0.997331 0.004051
5020.216858 0.998615 0.004055
5020.235826 1.007629 0.004074
5020.254791 1.008725 0.004078
5020.273754 1.011721 0.004085
5020.292715 1.018584 0.004101
5020.311674 1.014801 0.004094
5020.330630 1.020255 0.004107
5020.349584 1.015842 0.004099
5020.368535 1.007383 0.004084
5020.387484 1.006849 0.004084
5020.406431 0.993732 0.004059
5020.425375 0.978790 0.004029
5020.444318 0.968094 0.004009
5020.463257 0.947600 0.003967
5020.482195 0.940027 0.003953
5020.501130 0.942972 0.003960
