4990.020561 1.005589 0.004859
4990.042876 1.002251 0.004847
4990.065188 0.999321 0.004836
4990.087499 0.990719 0.004812
4990.109807 0.979156 0.004780
4990.132112 0.950613 0.004707
4990.154416 0.899045 0.004574
4990.176717 0.808192 0.004334
4990.199016 0.675880 0.003960
4990.221313 0.544134 0.003551
4990.243607 0.459897 0.003262
4990.265899 0.461017 0.003264
4990.288189 0.555893 0.003581
4990.310477 0.680609 0.003960
4990.332763 0.796526 0.004281
4990.355046 0.855623 0.004433
4990.377327 0.855254 0.004429
4990.399606 0.810515 0.004309
4990.421883 0.765948 0.004186
4990.444157 0.773520 0.004203
4990.466429 0.815512 0.004313
4990.488699 0.886723 0.004494
4990.510967 0.935875 0.004614
4990.533232 0.968694 0.004691
4990.555495 0.986881 0.004731
4990.577756 0.998631 0.004756
4990.600015 0.994629 0.004743
4990.622271 0.997030 0.004745
4990.644526 1.002130 0.004754
4990.666778 1.002441 0.004752
4990.689027 0.993823 0.004728
4990.711275 1.001153 0.004742
4990.733520 0.997450 0.004730
4990.755763 0.999066 0.004730
4990.778004 0.994929 0.004717
4990.800243 0.989240 0.004701
4990.822479 0.991909 0.004704
4990.844713 0.986664 0.004688
4990.866945 0.993311 0.004700
4990.889174 0.996274 0.004704
4990.911402 0.999296 0.004708
4990.933627 1.006187 0.004721
4990.955850 1.014452 0.004737
4990.978071 1.010435 0.004725
4991.000289 1.012517 0.004726
4991.022505 1.016312 0.004732
4991.044719 1.015037 0.004726
4991.066931 1.016973 0.004727
4991.089140 1.013770 0.004716
4991.111347 1.006106 0.004695
4991.133552 1.011570 0.004705
4991.155755 1.000784 0.004676
4991.177956 0.999410 0.004670
4991.200154 0.979952 0.004621
4991.222350 0.966553 0.004586
4991.244544 0.966297 0.004583
4991.266735 0.958770 0.004562
4991.288924 0.973308 0.004593
4991.311111 0.986811 0.004622
4991.333296 0.999068 0.004647
4991.355479 1.006434 0.004661
4991.377659 1.009707 0.004666
4991.399837 1.005478 0.004653
4991.422013 1.018054 0.004679
4991.444187 1.008543 0.004654
4991.466358 1.012011 0.004659
4991.488527 1.010093 0.004651
4991.510694 1.009444 0.004647
4991.532859 1.013047 0.004652
4991.555021 1.016448 0.004657
4991.577181 1.015389 0.004651
4991.599339 1.014906 0.004647
4991.621495 1.007031 0.004626
4991.643648 1.006307 0.004621
4991.665799 0.978182 0.004553
4991.687948 0.928859 0.004434
4991.710095 0.856603 0.004255
4991.732239 0.786626 0.004075
4991.754381 0.768843 0.004026
4991.776521 0.804483 0.004116
4991.798659 0.865643 0.004267
4991.820795 0.927759 0.004414
4991.842928 0.961756 0.004491
4991.865059 0.970215 0.004508
4991.887188 0.994007 0.004560
4991.909314 0.999457 0.004570
4991.931438 1.004184 0.004578
4991.953560 1.006752 0.004580
4991.975680 1.005881 0.004576
4991.997798 1.014220 0.004592
4992.019913 1.005120 0.004568
4992.042026 1.016488 0.004591
4992.064137 1.013559 0.004581
4992.086245 1.008426 0.004567
4992.108352 1.003656 0.004553
4992.130456 1.004222 0.004551
4992.152558 1.002273 0.004544
4992.174657 0.995432 0.004526
4992.196755 0.988136 0.004506
4992.218850 0.971232 0.004465
4992.240942 0.948653 0.004410
4992.263033 0.893823 0.004278
4992.285121 0.787541 0.004013
4992.307208 0.640069 0.003615
4992.329291 0.484256 0.003143
4992.351373 0.360550 0.002710
4992.373452 0.318290 0.002545
4992.395530 0.365140 0.002724
4992.417604 0.483415 0.003132
4992.439677 0.622356 0.003552
4992.461747 0.722225 0.003824
4992.483816 0.749945 0.003894
4992.505882 0.699381 0.003758
4992.527945 0.590125 0.003450
4992.550007 0.484360 0.003124
4992.572066 0.441734 0.002981
4992.594123 0.478431 0.003101
4992.616177 0.596750 0.003461
4992.638230 0.725927 0.003815
4992.660280 0.832964 0.004084
4992.682328 0.901765 0.004247
4992.704374 0.944951 0.004344
4992.726417 0.965749 0.004389
4992.748458 0.971892 0.004401
4992.770497 0.990538 0.004440
4992.792534 0.983618 0.004422
4992.814568 1.001352 0.004459
4992.836601 1.009150 0.004473
4992.858631 1.004906 0.004461
4992.880658 1.005600 0.004460
4992.902684 1.002360 0.004450
4992.924707 1.010594 0.004466
4992.946728 1.005150 0.004451
4992.968747 0.989678 0.004414
4992.990763 0.987733 0.004407
4993.012778 0.987384 0.004404
4993.034790 0.982642 0.004391
4993.056799 0.977011 0.004375
4993.078807 0.968458 0.004354
4993.100812 0.950386 0.004310
4993.122815 0.913066 0.004222
4993.144816 0.883831 0.004152
4993.166814 0.873423 0.004125
4993.188811 0.889364 0.004160
4993.210805 0.911448 0.004209
4993.232796 0.945400 0.004284
4993.254786 0.975239 0.004348
4993.276773 0.994243 0.004388
4993.298758 0.996781 0.004391
4993.320741 0.999545 0.004395
4993.342721 1.005372 0.004405
4993.364700 1.001355 0.004393
4993.386676 1.012443 0.004415
4993.408649 1.007890 0.004403
4993.430621 1.013894 0.004413
4993.452590 1.008526 0.004399
4993.474557 1.002653 0.004384
4993.496522 1.003858 0.004384
4993.518485 1.001677 0.004376
4993.540445 0.984718 0.004337
4993.562403 0.966940 0.004295
4993.584359 0.951814 0.004259
4993.606312 0.941919 0.004234
4993.628264 0.939995 0.004227
4993.650213 0.960579 0.004271
4993.672159 0.966265 0.004281
4993.694104 0.963241 0.004272
4993.716046 0.963423 0.004270
4993.737986 0.965156 0.004272
4993.759924 0.966338 0.004272
4993.781859 0.965461 0.004267
4993.803793 0.975327 0.004287
4993.825724 0.983120 0.004302
4993.847653 0.995502 0.004326
4993.869579 1.000196 0.004334
4993.891503 1.006568 0.004345
4993.913425 1.009197 0.004348
4993.935345 1.011223 0.004350
4993.957263 1.010104 0.004346
4993.979178 1.004151 0.004330
4994.001091 0.996758 0.004312
4994.023002 0.978014 0.004269
4994.044910 0.956018 0.004218
4994.066817 0.937417 0.004175
4994.088721 0.925395 0.004146
4994.110622 0.942806 0.004182
4994.132522 0.955583 0.004208
4994.154419 0.972535 0.004243
4994.176314 0.993408 0.004286
4994.198207 0.997003 0.004291
4994.220097 1.007233 0.004311
4994.241986 1.001222 0.004296
4994.263872 0.996274 0.004283
4994.285755 0.994041 0.004276
4994.307637 0.998978 0.004284
4994.329516 1.000694 0.004285
4994.351393 1.006239 0.004295
4994.373268 1.006260 0.004293
4994.395140 1.005733 0.004289
4994.417011 1.008424 0.004293
4994.438879 1.009394 0.004293
4994.460744 1.012788 0.004297
4994.482608 1.010329 0.004290
4994.504469 1.009258 0.004285
4994.526328 0.993576 0.004250
4994.548185 0.978346 0.004215
4994.570039 0.949961 0.004151
4994.591892 0.882245 0.003998
4994.613741 0.810238 0.003830
4994.635589 0.731492 0.003637
4994.657435 0.707390 0.003575
4994.679278 0.749739 0.003678
4994.701119 0.827492 0.003862
4994.722958 0.901087 0.004028
4994.744794 0.941144 0.004114
4994.766628 0.966223 0.004167
4994.788460 0.989599 0.004215
4994.810290 1.005916 0.004247
4994.832117 0.995617 0.004223
4994.853942 0.998636 0.004227
4994.875765 0.985686 0.004198
4994.897586 0.950940 0.004121
4994.919404 0.897446 0.004001
4994.941220 0.802823 0.003783
4994.963034 0.711189 0.003558
4994.984846 0.656113 0.003416
